# time   MOSI  MISO
0.00015  00  08
0.00092  0a  00
0.00119  00  aa
0.00148  0a  00
0.00174  00  aa
0.00201  80  00
0.00230  0a  81
0.00258  99  87
0.00286  01  00
0.00313  00  c8
0.00340  00  00
0.00367  00  c8
0.00395  00  00
0.00421  00  00
0.00451  b0  00
0.00480  00  16
0.00507  00  16
0.00534  a0  50
0.00562  00  00
0.00589  e4  c8
0.00620  00  9c
0.00647  00  6a
0.00686  50  00
0.00713  2d  50
0.00741  90  50
0.00769  00  00
0.00797  00  00
0.00824  0c  00

0.01908  f0  0c
0.01936  b0  11
0.01965  00  16
0.01991  00  16
0.02018  00  50
0.02050  c0  00
0.02079  00  00
0.02106  00  00

0.10408  e0  00
0.10439  00  c2
0.10466  ea  51
0.10498  00  9c
0.10525  00  46
0.10552  00  00
0.10579  00  00
0.10606  00  00
0.10634  e8  00
0.10666  00  22
0.10693  00  16
0.10720  00  00
0.10747  00  00
0.10774  00  00
0.10801  00  00
0.10828  f8  00
0.10856  fc  b3
0.10886  fa  be
0.10915  fe  ba
0.10946  00  c5
0.10983  90  00
0.11011  00  00
0.11038  00  00
0.11106  0a  00
0.11134  00  aa
0.11160  b0  00
0.11189  00  16
0.11216  00  16
0.11243  a0  50
0.11271  00  00
0.11300  e4  c8
0.11331  00  9c
0.11358  b2  6a
0.11388  00  5a
0.11415  00  02
0.11442  00  46

0.11580  f0  00
0.11609  b0  11
0.11638  00  16
0.11665  00  16
0.11692  00  50
0.11724  c0  00
0.11753  00  00
0.11780  00  00

0.19999  e0  00
0.20030  00  c2
0.20057  ea  51
0.20090  00  9c
0.20117  00  46
0.20144  00  00
0.20171  00  00
0.20198  00  00
0.20226  e8  00
0.20258  00  22
0.20287  00  16
0.20314  00  00
0.20341  00  00
0.20368  00  00
0.20396  00  00
0.20422  f8  00
0.20451  fc  b3
0.20481  fa  be
0.20510  fe  ba
0.20540  00  c5
0.20577  90  00
0.20606  00  00
0.20634  00  00
0.20661  50  00
0.20689  2d  50
0.20719  c0  50
0.20747  00  00
0.20776  00  00
0.20803  06  00
0.20878  0f  06
0.20905  f0  0f
0.20933  b0  11
0.20962  00  16
0.20990  00  16
0.21017  00  50
0.21072  c0  00
0.21101  00  00
0.21127  00  00

0.26911  e0  00
0.26947  00  c2
0.26974  ea  51
0.27006  00  9c
0.27033  00  46
0.27060  00  00
0.27087  00  00
0.27114  00  00
0.27142  e8  00
0.27173  00  22
0.27201  00  16
0.27228  00  00
0.27255  00  00
0.27282  00  00
0.27310  00  00
0.27337  f8  00
0.27366  fc  b3
0.27395  fa  be
0.27425  fe  ba
0.27454  00  c5
0.27492  90  00
0.27520  00  00
0.27548  00  04
0.27593  f0  00
0.27621  b0  11
0.27650  00  16
0.27677  00  16
0.27704  00  50
0.27759  c0  00
0.27788  00  ff
0.27814  00  07

0.33434  e0  00
0.33465  00  c2
0.33492  ea  51
0.33525  00  9c
0.33554  00  46
0.33581  00  00
0.33607  00  00
0.33634  00  00
0.33662  e8  00
0.33694  00  22
0.33721  00  16
0.33748  00  00
0.33775  00  00
0.33802  00  00
0.33829  00  00
0.33858  f8  00
0.33887  fc  b3
0.33916  fa  be
0.33946  fe  ba
0.33976  00  c5
0.34012  90  00
0.34042  00  00
0.34070  00  04
0.34101  f0  00
0.34130  b0  11
0.34159  00  16
0.34185  00  16
0.34212  00  50
0.34269  c0  00
0.34298  00  fd
0.34324  00  0f

0.39854  e0  00
0.39885  00  c2
0.39912  ea  7a
0.39944  00  21
0.39972  00  80
0.39999  00  00
0.40027  00  00
0.40054  00  00
0.40081  e8  00
0.40114  00  21
0.40141  00  c2
0.40168  00  00
0.40195  00  00
0.40222  00  00
0.40250  00  00
0.40276  f8  00
0.40305  fc  b7
0.40336  fa  c1
0.40366  fe  bc
0.40396  00  c7
0.40462  90  00
0.40496  00  00
0.40540  00  04
0.40626  f0  00
0.40655  b0  0d
0.40684  00  16
0.40711  00  16
0.40737  00  50
0.40792  c0  00
0.40821  00  fb
0.40848  00  17

0.46345  e0  00
0.46376  00  c2
0.46403  ea  7a
0.46435  00  21
0.46462  00  80
0.46489  00  00
0.46516  00  00
0.46548  00  00
0.46576  e8  00
0.46610  00  21
0.46637  00  c2
0.46664  00  00
0.46691  00  00
0.46720  00  00
0.46747  00  00
0.46774  f8  00
0.46807  fc  b7
0.46836  fa  c1
0.46866  fe  bc
0.46897  00  c7
0.46963  90  00
0.46995  00  00
0.47044  00  04
0.47129  0a  00
0.47156  00  aa
0.47183  b0  00
0.47212  00  16
0.47238  00  16
0.47265  a0  50
0.47294  00  00
0.47323  e4  c8
0.47354  00  9c
0.47381  b2  6a
0.47411  00  5a
0.47438  00  01
0.47465  00  35
0.47522  f0  00
0.47550  b0  0d
0.47579  00  16
0.47607  00  16
0.47634  00  50
0.47689  c0  00
0.47718  00  f9
0.47745  00  07

0.53357  e0  00
0.53389  00  c2
0.53416  ea  9e
0.53448  00  21
0.53475  00  48
0.53502  00  00
0.53530  00  00
0.53556  00  00
0.53584  e8  00
0.53616  00  21
0.53643  00  66
0.53670  00  00
0.53697  00  00
0.53724  00  00
0.53752  00  00
0.53778  f8  00
0.53807  fc  ba
0.53837  fa  c6
0.53867  fe  bd
0.53897  00  ca
0.53961  90  00
0.54004  00  00
0.54034  00  04
0.54125  f0  00
0.54154  b0  0d
0.54183  00  16
0.54209  00  16
0.54236  00  50
0.54291  c0  00
0.54321  00  f7
0.54348  00  0b

0.59834  e0  00
0.59865  00  c2
0.59892  ea  ce
0.59925  00  20
0.59952  00  de
0.59979  00  00
0.60006  00  00
0.60037  00  00
0.60064  e8  00
0.60097  00  20
0.60124  00  ed
0.60151  00  00
0.60178  00  00
0.60205  00  00
0.60233  00  00
0.60261  f8  00
0.60290  fc  bd
0.60319  fa  cb
0.60349  fe  be
0.60379  00  cd
0.60443  90  00
0.60490  00  00
0.60523  00  04
0.60608  f0  00
0.60637  b0  12
0.60665  00  16
0.60693  00  16
0.60720  00  50
0.60775  c0  00
0.60804  00  f5
0.60830  00  17

0.66278  e0  00
0.66309  00  c2
0.66336  ea  ce
0.66370  00  20
0.66397  00  de
0.66424  00  00
0.66451  00  00
0.66482  00  00
0.66510  e8  00
0.66542  00  20
0.66570  00  ed
0.66597  00  00
0.66624  00  00
0.66651  00  00
0.66678  00  00
0.66705  f8  00
0.66734  fc  bd
0.66763  fa  cb
0.66793  fe  be
0.66823  00  cd
0.66889  90  00
0.66921  00  00
0.66954  00  04
0.67051  f0  00
0.67080  b0  12
0.67109  00  16
0.67135  00  16
0.67162  00  50
0.67217  c0  00
0.67247  00  f3
0.67273  00  23

0.72707  e0  00
0.72737  00  c2
0.72764  ea  ce
0.72796  00  20
0.72823  00  de
0.72850  00  00
0.72877  00  00
0.72904  00  00
0.72932  e8  00
0.72963  00  20
0.72991  00  ed
0.73018  00  00
0.73044  00  00
0.73071  00  00
0.73099  00  00
0.73126  f8  00
0.73154  fc  bd
0.73184  fa  cb
0.73213  fe  be
0.73244  00  cd
0.73279  90  00
0.73308  00  00
0.73335  00  10
0.73375  50  00
0.73402  2e  50
0.73433  c0  50
0.73462  00  f1
0.73488  00  cd
0.73515  f0  00
0.73543  b0  12
0.73572  00  16
0.73599  00  16
0.73626  00  50
0.73683  c0  00
0.73711  00  f1
0.73738  00  cd

0.82120  e0  00
0.82151  00  c2
0.82178  ea  ce
0.82211  00  20
0.82238  00  de
0.82265  00  00
0.82292  00  00
0.82319  00  00
0.82347  e8  00
0.82379  00  20
0.82406  00  ed
0.82434  00  00
0.82461  00  00
0.82488  00  00
0.82515  00  00
0.82544  f8  00
0.82573  fc  bd
0.82602  fa  cb
0.82632  fe  be
0.82662  00  cd
0.82697  90  00
0.82726  00  00
0.82754  00  10
0.82780  50  00
0.82808  2d  50
0.82840  05  50
0.82918  0f  05
0.82946  0a  0f
0.82972  00  aa
0.82999  b0  00
0.83029  00  16
0.83055  00  16
0.83082  a0  50
0.83111  00  00
0.83137  e4  c8
0.83169  00  9c
0.83196  b2  6a
0.83227  00  5a
0.83254  00  00
0.83281  00  25
0.83339  f0  00
0.83367  b0  12
0.83396  00  16
0.83424  00  16
0.83451  00  50
0.83506  c0  00
0.83535  00  f1
0.83562  00  ce

0.89151  e0  00
0.89182  00  c2
0.89209  ea  ce
0.89242  00  20
0.89269  00  de
0.89296  00  00
0.89322  00  00
0.89349  00  00
0.89377  e8  00
0.89411  00  20
0.89438  00  ed
0.89469  00  00
0.89495  00  00
0.89522  00  00
0.89550  00  00
0.89576  f8  00
0.89614  fc  bd
0.89644  fa  cb
0.89674  fe  be
0.89704  00  cd
0.89740  90  00
0.89768  00  00
0.89796  00  04
0.89841  f0  00
0.89869  b0  12
0.89900  00  16
0.89927  00  16
0.89954  00  50
0.90011  c0  00
0.90040  00  f2
0.90067  00  f6

0.95673  e0  00
0.95704  00  c2
0.95731  ea  ce
0.95763  00  20
0.95795  00  de
0.95822  00  00
0.95849  00  00
0.95876  00  00
0.95904  e8  00
0.95936  00  20
0.95963  00  ed
0.95990  00  00
0.96017  00  00
0.96044  00  00
0.96072  00  00
0.96101  f8  00
0.96130  fc  bd
0.96159  fa  cb
0.96189  fe  be
0.96219  00  cd
0.96255  90  00
0.96284  00  00
0.96312  00  04
0.96343  f0  00
0.96371  b0  12
0.96400  00  16
0.96427  00  16
0.96457  00  50
0.96514  c0  00
0.96544  00  f4
0.96571  00  f2

1.02121  e0  00
1.02152  00  c2
1.02180  ea  9e
1.02212  00  21
1.02239  00  48
1.02269  00  00
1.02296  00  00
1.02323  00  00
1.02350  e8  00
1.02382  00  21
1.02409  00  66
1.02436  00  00
1.02463  00  00
1.02490  00  00
1.02518  00  00
1.02545  f8  00
1.02573  fc  ba
1.02603  fa  c6
1.02632  fe  bd
1.02663  00  ca
1.02729  90  00
1.02759  00  00
1.02807  00  04
1.02895  f0  00
1.02923  b0  0d
1.02952  00  16
1.02979  00  16
1.03005  00  50
1.03060  c0  00
1.03093  00  f6
1.03120  00  f3

1.08714  e0  00
1.08745  00  c2
1.08773  ea  9e
1.08806  00  21
1.08833  00  48
1.08863  00  00
1.08890  00  00
1.08917  00  00
1.08944  e8  00
1.08976  00  21
1.09003  00  66
1.09030  00  00
1.09057  00  00
1.09086  00  00
1.09114  00  00
1.09142  f8  00
1.09173  fc  ba
1.09203  fa  c6
1.09232  fe  bd
1.09263  00  ca
1.09326  90  00
1.09367  00  00
1.09400  00  04
1.09491  f0  00
1.09519  b0  0d
1.09563  00  16
1.09590  00  16
1.09617  00  50
1.09674  c0  00
1.09703  00  f8
1.09729  00  f3

1.15312  e0  00
1.15343  00  c2
1.15370  ea  7a
1.15404  00  21
1.15431  00  80
1.15458  00  00
1.15485  00  00
1.15512  00  00
1.15540  e8  00
1.15573  00  21
1.15600  00  c2
1.15627  00  00
1.15656  00  00
1.15683  00  00
1.15711  00  00
1.15739  f8  00
1.15767  fc  b7
1.15797  fa  c1
1.15826  fe  bc
1.15856  00  c7
1.15920  90  00
1.15952  00  00
1.15986  00  04
1.16084  0a  00
1.16111  00  aa
1.16137  b0  00
1.16167  00  16
1.16194  00  16
1.16221  a0  50
1.16250  00  00
1.16277  e4  c8
1.16308  00  9c
1.16335  b2  6a
1.16365  00  5a
1.16392  00  01
1.16418  00  35
1.16476  f0  00
1.16505  b0  0d
1.16534  00  16
1.16561  00  16
1.16588  00  50
1.16645  c0  00
1.16674  00  fb
1.16700  00  0f

1.22247  e0  00
1.22277  00  c2
1.22304  ea  51
1.22337  00  9c
1.22364  00  46
1.22391  00  00
1.22418  00  00
1.22445  00  00
1.22473  e8  00
1.22505  00  22
1.22532  00  16
1.22559  00  00
1.22586  00  00
1.22613  00  00
1.22640  00  00
1.22667  f8  00
1.22696  fc  b3
1.22727  fa  be
1.22757  fe  ba
1.22787  00  c5
1.22853  90  00
1.22886  00  00
1.22930  00  04
1.23016  f0  00
1.23045  b0  11
1.23074  00  16
1.23101  00  16
1.23128  00  50
1.23183  c0  00
1.23212  00  fd
1.23239  00  0f

1.28743  e0  00
1.28773  00  c2
1.28801  ea  51
1.28834  00  9c
1.28861  00  46
1.28888  00  00
1.28916  00  00
1.28943  00  00
1.28970  e8  00
1.29002  00  22
1.29029  00  16
1.29056  00  00
1.29083  00  00
1.29111  00  00
1.29139  00  00
1.29166  f8  00
1.29194  fc  b3
1.29224  fa  be
1.29254  fe  ba
1.29284  00  c5
1.29350  90  00
1.29382  00  00
1.29430  00  04
1.29527  f0  00
1.29556  b0  11
1.29585  00  16
1.29612  00  16
1.29639  00  50
1.29694  c0  00
1.29726  00  ff
1.29753  00  0b

1.35233  e0  00
1.35264  00  c2
1.35291  ea  51
1.35323  00  9c
1.35350  00  46
1.35377  00  00
1.35405  00  00
1.35432  00  00
1.35459  e8  00
1.35491  00  22
1.35518  00  16
1.35545  00  00
1.35572  00  00
1.35600  00  00
1.35627  00  00
1.35654  f8  00
1.35684  fc  b3
1.35713  fa  be
1.35743  fe  ba
1.35773  00  c5
1.35811  90  00
1.35840  00  00
1.35867  00  10
1.35907  50  00
1.35935  2e  50
1.35965  c0  50
1.35994  00  00
1.36020  00  4a
1.36046  f0  00
1.36075  b0  11
1.36104  00  16
1.36131  00  16
1.36158  00  50
1.36215  c0  00
1.36244  00  00
1.36271  00  4a

1.44689  e0  00
1.44720  00  c2
1.44747  ea  51
1.44780  00  9c
1.44806  00  46
1.44833  00  00
1.44863  00  00
1.44890  00  00
1.44918  e8  00
1.44950  00  22
1.44977  00  16
1.45004  00  00
1.45031  00  00
1.45063  00  00
1.45090  00  00
1.45117  f8  00
1.45145  fc  b3
1.45175  fa  be
1.45204  fe  ba
1.45234  00  c5
1.45274  90  00
1.45303  00  00
1.45330  00  10
1.45357  50  00
1.45385  2d  50
1.45417  0a  50
1.45444  00  aa
1.45473  b0  00
1.45503  00  16
1.45530  00  16
1.45561  a0  50
1.45590  00  00
1.45617  e4  c8
1.45647  00  9c
1.45675  b2  6a
1.45705  00  5a
1.45732  00  02
1.45761  00  46
1.45788  c0  00
1.45816  00  00
1.45843  00  4a

1.45946  0e  00
1.45975  0f  0e
1.46020  0a  0f
1.46047  00  aa
1.46076  b0  00
1.46105  00  16
1.46132  00  16
1.46159  a0  50
1.46188  00  00
1.46215  e4  c8
1.46247  00  9c

1.46376  b2  6a
1.46405  00  5a
1.46432  00  02
1.46459  00  46

1.46593  f0  00
1.46622  b0  11
1.46651  00  16
1.46677  00  16
1.46704  00  50
1.46734  c0  00
1.46763  00  00
1.46790  00  4a
1.46860  07  00
1.46911  0f  07
1.46956  c0  0f
1.46985  00  00
1.47011  00  4a
1.47038  90  00
1.47066  00  00
1.47094  00  10
1.47120  07  00
1.47170  0f  07
1.47202  90  0f
1.47230  00  00
1.47258  00  10

1.49555  f0  00
1.49583  b0  11
1.49612  00  16
1.49639  00  16
1.49666  00  50
1.49696  c0  00
1.49724  00  00
1.49751  00  4a

1.58027  e0  00
1.58058  00  c2
1.58085  ea  51
1.58117  00  9c
1.58144  00  46
1.58171  00  00
1.58198  00  00
1.58227  00  00
1.58255  e8  00
1.58287  00  22
1.58314  00  16
1.58341  00  00
1.58368  00  00
1.58395  00  00
1.58423  00  00
1.58452  f8  00
1.58481  fc  b3
1.58510  fa  be
1.58540  fe  ba
1.58570  00  c5
1.58607  90  00
1.58636  00  00
1.58664  00  10
1.58691  0a  00
1.58718  00  aa
1.58745  b0  00
1.58774  00  16
1.58800  00  16
1.58827  a0  50
1.58856  00  00
1.58883  e4  c8
1.58914  00  9c
1.58941  b2  6a
1.58971  00  5a
1.58997  00  02
1.59025  00  46

1.59562  f0  00
1.59591  b0  11
1.59620  00  16
1.59647  00  16
1.59674  00  50
1.59704  c0  00
1.59734  00  00
1.59760  00  4a

1.68002  e0  00
1.68033  00  c2
1.68060  ea  51
1.68093  00  9c
1.68120  00  46
1.68147  00  00
1.68174  00  00
1.68202  00  00
1.68229  e8  00
1.68262  00  22
1.68289  00  16
1.68316  00  00
1.68343  00  00
1.68370  00  00
1.68397  00  00
1.68426  f8  00
1.68455  fc  b3
1.68485  fa  be
1.68514  fe  ba
1.68544  00  c5
1.68581  90  00
1.68611  00  00
1.68639  00  10
1.68666  0a  00
1.68693  00  aa
1.68720  b0  00
1.68750  00  16
1.68776  00  16
1.68803  a0  50
1.68832  00  00
1.68859  e4  c8
1.68891  00  9c
1.68917  b2  6a
1.68947  00  5a
1.68974  00  02
1.69001  00  46

1.69538  f0  00
1.69566  b0  11
1.69595  00  16
1.69622  00  16
1.69649  00  50
1.69679  c0  00
1.69708  00  00
1.69735  00  4a

1.78078  e0  00
1.78109  00  c2
1.78136  ea  51
1.78168  00  9c
1.78195  00  46
1.78222  00  00
1.78249  00  00
1.78276  00  00
1.78303  e8  00
1.78335  00  22
1.78362  00  16
1.78389  00  00
1.78416  00  00
1.78443  00  00
1.78471  00  00
1.78500  f8  00
1.78528  fc  b3
1.78558  fa  be
1.78588  fe  ba
1.78618  00  c5
1.78655  90  00
1.78685  00  00
1.78713  00  10
1.78740  0a  00
1.78767  00  aa
1.78794  b0  00
1.78824  00  16
1.78850  00  16
1.78877  a0  50
1.78905  00  00
1.78932  e4  c8
1.78963  00  9c
1.78990  b2  6a
1.79020  00  5a
1.79047  00  02
1.79074  00  46

1.79511  f0  00

1.79689  b0  11
1.79718  00  16
1.79744  00  16
1.79772  00  50
1.79802  c0  00
1.79831  00  00
1.79858  00  4a
1.79918  90  00
1.79946  00  00
1.79974  00  10
1.80042  0a  00
1.80069  00  aa
1.80096  b0  00
1.80135  00  16
1.80161  00  16
1.80188  a0  50
1.80216  00  00
1.80243  e4  c8
1.80275  00  9c
1.80302  b2  6a
1.80332  00  5a
1.80358  00  02
1.80385  00  46

1.80500  f0  00
1.80529  b0  11
1.80557  00  16
1.80584  00  16
1.80611  00  50
1.80641  c0  00
1.80671  00  00
1.80697  00  4a

1.88959  e0  00
1.88990  00  c2
1.89017  ea  51
1.89049  00  9c
1.89076  00  46
1.89103  00  00
1.89130  00  00
1.89159  00  00
1.89186  e8  00
1.89219  00  22
1.89246  00  16
1.89272  00  00
1.89299  00  00
1.89326  00  00
1.89361  00  00
1.89388  f8  00
1.89416  fc  b3
1.89448  fa  be
1.89477  fe  ba
1.89507  00  c5
1.89544  90  00
1.89573  00  00
1.89601  00  10
1.89627  50  00
1.89657  2d  50
1.89687  c0  50
1.89716  00  00
1.89743  00  4a
1.89771  06  00
1.89847  0f  06
1.89874  f0  0f
1.89903  b0  11
1.89932  00  16
1.89958  00  16
1.89986  00  50
1.90040  c0  00
1.90069  00  00
1.90096  00  4a

1.96105  e0  00
1.96135  00  c2
1.96163  ea  51
1.96195  00  9c
1.96222  00  46
1.96249  00  00
1.96276  00  00
1.96303  00  00
1.96331  e8  00
1.96367  00  22
1.96394  00  16
1.96421  00  00
1.96448  00  00
1.96477  00  00
1.96504  00  00
1.96532  f8  00
1.96561  fc  b3
1.96590  fa  be
1.96620  fe  ba
1.96651  00  c5
1.96687  90  00
1.96716  00  00
1.96744  00  04
1.96786  f0  00
1.96815  b0  11
1.96844  00  16
1.96874  00  16
1.96901  00  50
1.96958  c0  00
1.96987  00  ff
1.97014  00  41

2.02820  e0  00
2.02851  00  c2
2.02878  ea  51
2.02910  00  9c
2.02937  00  46
2.02964  00  00
2.02991  00  00
2.03018  00  00
2.03045  e8  00
2.03078  00  22
2.03105  00  16
2.03132  00  00
2.03159  00  00
2.03186  00  00
2.03215  00  00
2.03245  f8  00
2.03273  fc  b3
2.03303  fa  be
2.03333  fe  ba
2.03362  00  c5
2.03398  90  00
2.03426  00  00
2.03454  00  04
2.03485  f0  00
2.03513  b0  11
2.03543  00  16
2.03570  00  16
2.03597  00  50
2.03654  c0  00
2.03683  00  fd
2.03709  00  39

2.09502  e0  00
2.09537  00  c2
2.09564  ea  7a
2.09597  00  21
2.09624  00  80
2.09653  00  00
2.09680  00  00
2.09707  00  00
2.09734  e8  00
2.09767  00  21
2.09793  00  c2
2.09821  00  00
2.09848  00  00
2.09875  00  00
2.09903  00  00
2.09930  f8  00
2.09958  fc  b7
2.09988  fa  c1
2.10018  fe  bc
2.10048  00  c7
2.10114  90  00
2.10144  00  00
2.10177  00  04

2.10278  f0  00
2.10307  b0  0d
2.10336  00  16
2.10363  00  16
2.10390  00  50
2.10447  c0  00
2.10475  00  fb
2.10502  00  29

2.16230  e0  00
2.16262  00  c2
2.16290  ea  7a
2.16322  00  21
2.16349  00  80
2.16377  00  00
2.16404  00  00
2.16431  00  00
2.16458  e8  00
2.16490  00  21
2.16521  00  c2
2.16548  00  00
2.16575  00  00
2.16603  00  00
2.16630  00  00
2.16657  f8  00
2.16686  fc  b7
2.16715  fa  c1
2.16745  fe  bc
2.16775  00  c7
2.16841  90  00
2.16891  00  00
2.16924  00  04
2.17007  0a  00
2.17036  00  aa
2.17063  b0  00
2.17092  00  16
2.17119  00  16
2.17146  a0  50
2.17175  00  00
2.17201  e4  c8
2.17232  00  9c
2.17259  b2  6a
2.17289  00  5a
2.17317  00  01
2.17344  00  35
2.17402  f0  00
2.17430  b0  0d
2.17459  00  16
2.17487  00  16
2.17514  00  50
2.17569  c0  00
2.17598  00  f9
2.17625  00  05

2.23355  e0  00
2.23386  00  c2
2.23413  ea  9e
2.23445  00  21
2.23474  00  48
2.23501  00  00
2.23528  00  00
2.23555  00  00
2.23582  e8  00
2.23614  00  21
2.23642  00  66
2.23672  00  00
2.23699  00  00
2.23726  00  00
2.23753  00  00
2.23781  f8  00
2.23810  fc  ba
2.23840  fa  c6
2.23871  fe  bd
2.23901  00  ca
2.23965  90  00
2.23997  00  00
2.24030  00  04
2.24127  f0  00
2.24156  b0  0d
2.24185  00  16
2.24212  00  16
2.24241  00  50
2.24311  c0  00
2.24340  00  f6
2.24366  00  fd

2.29982  e0  00
2.30013  00  c2
2.30040  ea  ce
2.30072  00  20
2.30099  00  de
2.30126  00  00
2.30155  00  00
2.30182  00  00
2.30209  e8  00
2.30241  00  20
2.30269  00  ed
2.30296  00  00
2.30323  00  00
2.30350  00  00
2.30378  00  00
2.30404  f8  00
2.30433  fc  bd
2.30463  fa  cb
2.30493  fe  be
2.30523  00  cd
2.30589  90  00
2.30624  00  00
2.30673  00  04
2.30754  f0  00
2.30784  b0  12
2.30813  00  16
2.30840  00  16
2.30867  00  50
2.30922  c0  00
2.30953  00  f4
2.30979  00  f9

2.36624  e0  00
2.36655  00  c2
2.36682  ea  ce
2.36718  00  20
2.36745  00  de
2.36774  00  00
2.36801  00  00
2.36828  00  00
2.36855  e8  00
2.36888  00  20
2.36918  00  ed
2.36945  00  00
2.36972  00  00
2.36999  00  00
2.37027  00  00
2.37054  f8  00
2.37083  fc  bd
2.37113  fa  cb
2.37143  fe  be
2.37173  00  cd
2.37239  90  00
2.37271  00  00
2.37305  00  04
2.37402  f0  00
2.37434  b0  12
2.37463  00  16
2.37490  00  16
2.37517  00  50
2.37574  c0  00
2.37602  00  f2
2.37629  00  f5

2.43238  e0  00
2.43269  00  c2
2.43296  ea  ce
2.43328  00  20
2.43355  00  de
2.43382  00  00
2.43411  00  00
2.43438  00  00
2.43465  e8  00
2.43497  00  20
2.43524  00  ed
2.43552  00  00
2.43579  00  00
2.43605  00  00
2.43633  00  00
2.43660  f8  00
2.43689  fc  bd
2.43721  fa  cb
2.43750  fe  be
2.43780  00  cd
2.43816  90  00
2.43844  00  00
2.43872  00  10
2.43909  50  00
2.43937  2e  50
2.43967  c0  50
2.43996  00  f1
2.44022  00  cd
2.44049  f0  00
2.44077  b0  12
2.44106  00  16
2.44133  00  16
2.44160  00  50
2.44222  c0  00
2.44251  00  f1
2.44277  00  cd

2.52288  e0  00
2.52319  00  c2
2.52346  ea  ce
2.52378  00  20
2.52405  00  de
2.52432  00  00
2.52459  00  00
2.52488  00  00
2.52516  e8  00
2.52548  00  20
2.52575  00  ed
2.52602  00  00
2.52629  00  00
2.52656  00  00
2.52684  00  00
2.52713  f8  00
2.52741  fc  bd
2.52771  fa  cb
2.52800  fe  be
2.52831  00  cd
2.52866  90  00
2.52895  00  00
2.52923  00  10
2.52949  50  00
2.52977  2d  50
2.53009  05  50
2.53086  0f  05
2.53114  0a  0f
2.53141  00  aa
2.53168  b0  00
2.53197  00  16
2.53224  00  16
2.53252  a0  50
2.53280  00  00
2.53307  e4  c8
2.53339  00  9c
2.53366  b2  6a
2.53396  00  5a
2.53423  00  00
2.53450  00  25
2.53508  f0  00
2.53536  b0  12
2.53565  00  16
2.53592  00  16
2.53619  00  50
2.53674  c0  00
2.53703  00  f1
2.53730  00  d3

2.59092  e0  00
2.59123  00  c2
2.59153  ea  ce
2.59194  00  20
2.59221  00  de
2.59248  00  00
2.59275  00  00
2.59306  00  00
2.59334  e8  00
2.59366  00  20
2.59393  00  ed
2.59420  00  00
2.59447  00  00
2.59474  00  00
2.59502  00  00
2.59529  f8  00
2.59561  fc  bd
2.59590  fa  cb
2.59619  fe  be
2.59650  00  cd
2.59687  90  00
2.59716  00  00
2.59744  00  04
2.59788  f0  00
2.59817  b0  12
2.59846  00  16
2.59872  00  16
2.59899  00  50
2.59954  c0  00
2.59983  00  f3
2.60009  00  5f

2.65419  e0  00
2.65449  00  c2
2.65476  ea  ce
2.65510  00  20
2.65539  00  de
2.65566  00  00
2.65593  00  00
2.65620  00  00
2.65648  e8  00
2.65680  00  20
2.65707  00  ed
2.65734  00  00
2.65761  00  00
2.65788  00  00
2.65816  00  00
2.65842  f8  00
2.65872  fc  bd
2.65902  fa  cb
2.65931  fe  be
2.65964  00  cd
2.66000  90  00
2.66028  00  00
2.66056  00  04
2.66087  f0  00
2.66116  b0  12
2.66145  00  16
2.66172  00  16
2.66199  00  50
2.66254  c0  00
2.66283  00  f5
2.66310  00  4f

2.71716  e0  00
2.71747  00  c2
2.71776  ea  9e
2.71808  00  21
2.71835  00  48
2.71862  00  00
2.71889  00  00
2.71916  00  00
2.71944  e8  00
2.71976  00  21
2.72003  00  66
2.72031  00  00
2.72058  00  00
2.72087  00  00
2.72114  00  00
2.72141  f8  00
2.72170  fc  ba
2.72199  fa  c6
2.72229  fe  bd
2.72259  00  ca
2.72323  90  00
2.72352  00  00
2.72385  00  04

2.72486  f0  00
2.72515  b0  0d
2.72545  00  16
2.72571  00  16
2.72598  00  50
2.72655  c0  00
2.72684  00  f7
2.72710  00  43

2.78127  e0  00
2.78158  00  c2
2.78188  ea  9e
2.78220  00  21
2.78247  00  48
2.78276  00  00
2.78303  00  00
2.78332  00  00
2.78360  e8  00
2.78392  00  21
2.78419  00  66
2.78446  00  00
2.78473  00  00
2.78500  00  00
2.78528  00  00
2.78554  f8  00
2.78584  fc  ba
2.78614  fa  c6
2.78644  fe  bd
2.78674  00  ca
2.78740  90  00
2.78772  00  00
2.78805  00  04
2.78902  f0  00
2.78931  b0  0d
2.78960  00  16
2.78987  00  16
2.79014  00  50
2.79071  c0  00
2.79100  00  f9
2.79133  00  37

2.84582  e0  00
2.84613  00  c2
2.84645  ea  7a
2.84677  00  21
2.84706  00  80
2.84733  00  00
2.84760  00  00
2.84787  00  00
2.84817  e8  00
2.84849  00  21
2.84876  00  c2
2.84903  00  00
2.84930  00  00
2.84957  00  00
2.84985  00  00
2.85011  f8  00
2.85040  fc  b7
2.85070  fa  c1
2.85099  fe  bc
2.85130  00  c7
2.85194  90  00
2.85226  00  00
2.85259  00  04
2.85358  0a  00
2.85384  00  aa
2.85415  b0  00
2.85444  00  16
2.85470  00  16
2.85497  a0  50
2.85526  00  00
2.85553  e4  c8
2.85585  00  9c
2.85615  b2  6a
2.85645  00  5a
2.85672  00  01
2.85699  00  35
2.85757  f0  00
2.85785  b0  0d
2.85814  00  16
2.85841  00  16
2.85868  00  50
2.85924  c0  00
2.85953  00  fb
2.85981  00  4f

2.91502  e0  00
2.91533  00  c2
2.91560  ea  51
2.91592  00  9c
2.91621  00  46
2.91648  00  00
2.91675  00  00
2.91701  00  00
2.91729  e8  00
2.91761  00  22
2.91788  00  16
2.91816  00  00
2.91842  00  00
2.91869  00  00
2.91898  00  00
2.91925  f8  00
2.91954  fc  b3
2.91983  fa  be
2.92013  fe  ba
2.92043  00  c5
2.92109  90  00
2.92142  00  00
2.92175  00  04
2.92272  f0  00
2.92301  b0  11
2.92329  00  16
2.92356  00  16
2.92383  00  50
2.92441  c0  00
2.92469  00  fd
2.92497  00  4b

2.98107  e0  00
2.98139  00  c2
2.98166  ea  51
2.98199  00  9c
2.98226  00  46
2.98254  00  00
2.98282  00  00
2.98309  00  00
2.98340  e8  00
2.98372  00  22
2.98399  00  16
2.98426  00  00
2.98453  00  00
2.98482  00  00
2.98509  00  00
2.98536  f8  00
2.98565  fc  b3
2.98598  fa  be
2.98627  fe  ba
2.98658  00  c5
2.98724  90  00
2.98756  00  00
2.98804  00  04
2.98889  f0  00
2.98918  b0  11
2.98947  00  16
2.98973  00  16
2.99003  00  50
2.99058  c0  00
2.99096  00  ff
2.99123  00  53

3.04988  e0  00
3.05018  00  c2
3.05045  ea  51
3.05078  00  9c
3.05105  00  46
3.05132  00  00
3.05159  00  00
3.05186  00  00
3.05213  e8  00
3.05246  00  22
3.05273  00  16
3.05300  00  00
3.05327  00  00
3.05354  00  00
3.05381  00  00
3.05408  f8  00
3.05437  fc  b3
3.05466  fa  be
3.05496  fe  ba
3.05526  00  c5
3.05564  90  00
3.05592  00  00
3.05619  00  10
3.05657  50  00
3.05684  2e  50
3.05714  c0  50
3.05743  00  00
3.05769  00  49
3.05797  0a  00
3.05824  00  aa
3.05853  b0  00
3.05882  00  16
3.05909  00  16
3.05936  a0  50
3.05964  00  00
3.05991  e4  c8
3.06022  00  9c
3.06049  b2  6a
3.06079  00  5a
3.06106  00  02
3.06132  00  46
3.06159  c0  00
3.06188  00  00
3.06215  00  49

3.06315  0e  00
3.06343  0f  0e
3.06390  0a  0f
3.06416  00  aa
3.06443  b0  00
3.06472  00  16
3.06499  00  16
3.06526  a0  50
3.06555  00  00
3.06581  e4  c8
3.06612  00  9c
3.06639  b2  6a
3.06669  00  5a
3.06696  00  02
3.06723  00  46

3.06872  f0  00
3.06900  b0  11
3.06929  00  16
3.06956  00  16
3.06983  00  50
3.07013  c0  00
3.07041  00  00
3.07069  00  49

3.08467  07  00
3.08521  0f  07
3.08567  c0  0f
3.08596  00  00
3.08622  00  49
3.08649  90  00
3.08678  00  00
3.08705  00  10
3.08732  07  00
3.08780  0f  07
3.08811  90  0f
3.08840  00  00
3.08870  00  10

3.09296  f0  00
3.09324  b0  11
3.09354  00  16
3.09381  00  16
3.09408  00  50
3.09438  c0  00
3.09467  00  00
