# time   MOSI  MISO
0.00015  00  00
0.00115  0a  00
0.00141  00  aa
0.00168  0a  00
0.00195  00  aa
0.00222  80  00
0.00251  0a  81
0.00278  99  87
0.00308  01  00
0.00335  00  c8
0.00362  00  00
0.00389  00  c8
0.00416  00  00
0.00443  00  00
0.00470  b0  00
0.00500  00  16
0.00526  00  16
0.00553  a0  50
0.00582  00  00
0.00609  e4  c8
0.00640  00  9c
0.00667  00  6a
0.00708  50  00
0.00736  2f  50
0.00764  90  50
0.00793  00  20
0.00820  00  84

0.04921  90  00
0.04950  00  20
0.04977  00  84
0.05007  0a  00
0.05034  00  aa
0.05060  b0  00
0.05089  00  16
0.05117  00  16
0.05144  a0  50
0.05172  00  00
0.05198  e4  c8
0.05230  00  9c
0.05257  b2  6a
0.05286  00  5a
0.05313  00  00
0.05340  00  25

0.09907  90  00
0.09935  00  20
0.09963  00  84
0.09992  0a  00
0.10019  00  aa
0.10045  b0  00
0.10075  00  16
0.10101  00  16
0.10128  a0  50
0.10157  00  00
0.10183  e4  c8
0.10215  00  9c
0.10242  b2  6a
0.10272  00  5a
0.10299  00  00
0.10327  00  25

0.14894  90  00
0.14922  00  20
0.14950  00  84
0.14979  0a  00
0.15007  00  aa
0.15034  b0  00
0.15063  00  16
0.15090  00  16
0.15117  a0  50
0.15146  00  00
0.15172  e4  c8
0.15204  00  9c
0.15231  b2  6a
0.15261  00  5a
0.15288  00  00
0.15315  00  25

0.19881  90  00
0.19911  00  20
0.19939  00  84
0.19969  0a  00
0.19996  00  aa
0.20024  b0  00
0.20053  00  16
0.20080  00  16
0.20107  a0  50
0.20136  00  00
0.20163  e4  c8
0.20194  00  9c
0.20221  b2  6a
0.20252  00  5a
0.20279  00  00
0.20307  00  25

0.24869  90  00
0.24898  00  20
0.24925  00  84
0.24955  0a  00
0.24982  00  aa
0.25008  b0  00
0.25038  00  16
0.25065  00  16
0.25092  a0  50
0.25121  00  00
0.25148  e4  c8
0.25179  00  9c
0.25206  b2  6a
0.25235  00  5a
0.25262  00  00
0.25289  00  25

0.29856  90  00
0.29885  00  20
0.29912  00  84
0.29942  0a  00
0.29969  00  aa
0.29996  b0  00
0.30026  00  16
0.30052  00  16
0.30079  a0  50
0.30109  00  00
0.30135  e4  c8
0.30167  00  9c
0.30194  b2  6a
0.30225  00  5a
0.30252  00  00
0.30279  00  25

0.34843  90  00
0.34872  00  20
0.34900  00  84
0.34929  0a  00
0.34956  00  aa
0.34982  b0  00
0.35011  00  16
0.35038  00  16
0.35065  a0  50
0.35094  00  00
0.35121  e4  c8
0.35153  00  9c
0.35180  b2  6a
0.35209  00  5a
0.35236  00  00
0.35263  00  25

0.39831  90  00
0.39859  00  20
0.39888  00  84
0.39918  0a  00
0.39945  00  aa
0.39971  b0  00
0.40001  00  16
0.40028  00  16
0.40054  a0  50
0.40083  00  00
0.40110  e4  c8
0.40141  00  9c
0.40168  b2  6a
0.40198  00  5a
0.40225  00  00
0.40252  00  25

0.44818  90  00
0.44846  00  20
0.44874  00  84
0.44903  0a  00
0.44931  00  aa
0.44958  b0  00
0.44987  00  16
0.45013  00  16
0.45042  a0  50
0.45071  00  00
0.45098  e4  c8
0.45129  00  9c
0.45157  b2  6a
0.45187  00  5a
0.45213  00  00
0.45240  00  25

0.49805  90  00
0.49834  00  20
0.49862  00  84
0.49891  0a  00
0.49918  00  aa
0.49946  b0  00
0.49974  00  16
0.50002  00  16
0.50028  a0  50
0.50057  00  00
0.50084  e4  c8
0.50116  00  9c
0.50143  b2  6a
0.50173  00  5a
0.50200  00  00
0.50228  00  25

0.54793  90  00
0.54821  00  20
0.54849  00  84
0.54879  0a  00
0.54906  00  aa
0.54933  b0  00
0.54962  00  16
0.54989  00  16
0.55016  a0  50
0.55045  00  00
0.55072  e4  c8
0.55104  00  9c
0.55131  b2  6a
0.55160  00  5a
0.55187  00  00
0.55215  00  25

0.59780  90  00
0.59808  00  20
0.59836  00  84
0.59865  0a  00
0.59892  00  aa
0.59919  b0  00
0.59949  00  16
0.59975  00  16
0.60002  a0  50
0.60031  00  00
0.60058  e4  c8
0.60089  00  9c
0.60116  b2  6a
0.60147  00  5a
0.60174  00  00
0.60201  00  25

0.64767  90  00
0.64797  00  20
0.64824  00  84
0.64854  0a  00
0.64881  00  aa
0.64907  b0  00
0.64937  00  16
0.64964  00  16
0.64991  a0  50
0.65019  00  00
0.65046  e4  c8
0.65078  00  9c
0.65105  b2  6a
0.65135  00  5a
0.65162  00  00
0.65189  00  25

0.69755  90  00
0.69783  00  20
0.69811  00  80
0.69851  0a  00
0.69878  00  aa
0.69904  b0  00
0.69934  00  16
0.69961  00  16
0.69988  a0  50
0.70016  00  00
0.70043  e4  c8
0.70075  00  9c
0.70102  b2  6a
0.70131  00  5a
0.70157  00  00
0.70185  00  25

0.74742  90  00
0.74771  00  20
0.74798  00  80
0.74828  0a  00
0.74855  00  aa
0.74881  b0  00
0.74910  00  16
0.74937  00  16
0.74964  a0  50
0.74993  00  00
0.75020  e4  c8
0.75051  00  9c
0.75078  b2  6a
0.75108  00  5a
0.75135  00  00
0.75162  00  25

0.79729  90  00
0.79758  00  20
0.79786  00  80
0.79815  0a  00
0.79843  00  aa
0.79869  b0  00
0.79898  00  16
0.79925  00  16
0.79952  a0  50
0.79981  00  00
0.80008  e4  c8
0.80039  00  9c
0.80066  b2  6a
0.80096  00  5a
0.80122  00  00
0.80149  00  25

0.84717  90  00
0.84745  00  20
0.84773  00  80
0.84803  0a  00
0.84829  00  aa
0.84856  b0  00
0.84885  00  16
0.84912  00  16
0.84939  a0  50
0.84968  00  00
0.84995  e4  c8
0.85027  00  9c
0.85053  b2  6a
0.85083  00  5a
0.85110  00  00
0.85137  00  25

0.89704  90  00
0.89733  00  20
0.89760  00  84
0.89800  0a  00
0.89827  00  aa
0.89853  b0  00
0.89883  00  16
0.89909  00  16
0.89936  a0  50
0.89965  00  00
0.89992  e4  c8
0.90024  00  9c
0.90051  b2  6a
0.90080  00  5a
0.90107  00  00
0.90134  00  25

0.94691  90  00
0.94720  00  20
0.94748  00  84
0.94777  0a  00
0.94804  00  aa
0.94832  b0  00
0.94860  00  16
0.94887  00  16
0.94914  a0  50
0.94943  00  00
0.94970  e4  c8
0.95001  00  9c
0.95028  b2  6a
0.95058  00  5a
0.95085  00  00
0.95112  00  25

0.99679  90  00
0.99707  00  20
0.99735  00  84
0.99764  0a  00
0.99791  00  aa
0.99818  b0  00
0.99847  00  16
0.99874  00  16
0.99901  a0  50
0.99930  00  00
0.99958  e4  c8
0.99989  00  9c
1.00016  b2  6a
1.00046  00  5a
1.00076  00  00
1.00103  00  25

1.04666  90  00
1.04694  00  20
1.04722  00  84
1.04751  0a  00
1.04779  00  aa
1.04805  b0  00
1.04834  00  16
1.04861  00  16
1.04888  a0  50
1.04917  00  00
1.04944  e4  c8
1.04978  00  9c
1.05005  b2  6a
1.05035  00  5a
1.05062  00  00
1.05089  00  25

1.09653  90  00
1.09681  00  20
1.09709  00  84
1.09739  0a  00
1.09765  00  aa
1.09794  b0  00
1.09823  00  16
1.09849  00  16
1.09876  a0  50
1.09905  00  00
1.09933  e4  c8
1.09965  00  9c
1.09992  b2  6a
1.10021  00  5a
1.10048  00  00
1.10076  00  25

1.14641  90  00
1.14669  00  20
1.14697  00  84
1.14726  0a  00
1.14754  00  aa
1.14780  b0  00
1.14810  00  16
1.14840  00  16
1.14867  a0  50
1.14896  00  00
1.14923  e4  c8
1.14954  00  9c
1.14981  b2  6a
1.15010  00  5a
1.15037  00  00
1.15064  00  25

1.19628  90  00
1.19657  00  20
1.19684  00  84
1.19714  0a  00
1.19741  00  aa
1.19767  b0  00
1.19798  00  16
1.19824  00  16
1.19851  a0  50
1.19880  00  00
1.19907  e4  c8
1.19939  00  9c
1.19966  b2  6a
1.19996  00  5a
1.20023  00  00
1.20050  00  25

1.24615  90  00
1.24644  00  20
1.24672  00  84
1.24701  0a  00
1.24732  00  aa
1.24759  b0  00
1.24788  00  16
1.24814  00  16
1.24842  a0  50
1.24870  00  00
1.24897  e4  c8
1.24928  00  9c
1.24956  b2  6a
1.24986  00  5a
1.25012  00  00
1.25040  00  25

1.29603  90  00
1.29631  00  20
1.29658  00  84
1.29688  0a  00
1.29716  00  aa
1.29742  b0  00
1.29772  00  16
1.29798  00  16
1.29826  a0  50
1.29855  00  00
1.29882  e4  c8
1.29913  00  9c
1.29940  b2  6a
1.29971  00  5a
1.29997  00  00
1.30025  00  25

1.34590  90  00
1.34619  00  20
1.34646  00  80
1.34686  0a  00
1.34713  00  aa
1.34739  b0  00
1.34769  00  16
1.34796  00  16
1.34823  a0  50
1.34852  00  00
1.34878  e4  c8
1.34910  00  9c
1.34937  b2  6a
1.34966  00  5a
1.34993  00  00
1.35020  00  25

1.39577  90  00
1.39606  00  20
1.39634  00  80
1.39663  0a  00
1.39690  00  aa
1.39716  b0  00
1.39746  00  16
1.39773  00  16
1.39800  a0  50
1.39829  00  00
1.39855  e4  c8
1.39887  00  9c
1.39914  b2  6a
1.39944  00  5a
1.39971  00  00
1.39997  00  25

1.44565  90  00
1.44593  00  20
1.44621  00  80
1.44650  0a  00
1.44677  00  aa
1.44704  b0  00
1.44733  00  16
1.44760  00  16
1.44787  a0  50
1.44816  00  00
1.44842  e4  c8
1.44873  00  9c
1.44900  b2  6a
1.44930  00  5a
1.44957  00  00
1.44984  00  25

1.49552  90  00
1.49581  00  20
1.49608  00  80
1.49638  0a  00
1.49664  00  aa
1.49691  b0  00
1.49720  00  16
1.49747  00  16
1.49774  a0  50
1.49803  00  00
1.49830  e4  c8
1.49860  00  9c
1.49887  b2  6a
1.49918  00  5a
1.49945  00  00
1.49972  00  25

1.54539  90  00
1.54568  00  20
1.54596  00  80
1.54625  0a  00
1.54652  00  aa
1.54678  b0  00
1.54708  00  16
1.54735  00  16
1.54762  a0  50
1.54791  00  00
1.54817  e4  c8
1.54849  00  9c
1.54876  b2  6a
1.54906  00  5a
1.54933  00  00
1.54960  00  25

1.59526  90  00
1.59555  00  20
1.59583  00  80
1.59612  0a  00
1.59639  00  aa
1.59666  b0  00
1.59695  00  16
1.59722  00  16
1.59749  a0  50
1.59778  00  00
1.59805  e4  c8
1.59836  00  9c
1.59863  b2  6a
1.59893  00  5a
1.59920  00  00
1.59947  00  25

1.64514  90  00
1.64543  00  20
1.64570  00  84
1.64610  0a  00
1.64637  00  aa
1.64663  b0  00
1.64693  00  16
1.64720  00  16
1.64747  a0  50
1.64776  00  00
1.64802  e4  c8
1.64835  00  9c
1.64862  b2  6a
1.64893  00  5a
1.64919  00  00
1.64946  00  25

1.69501  90  00
1.69529  00  20
1.69557  00  84
1.69586  0a  00
1.69614  00  aa
1.69640  b0  00
1.69670  00  16
1.69697  00  16
1.69724  a0  50
1.69754  00  00
1.69780  e4  c8
1.69812  00  9c
1.69839  b2  6a
1.69868  00  5a
1.69896  00  00
1.69922  00  25

1.74488  90  00
1.74517  00  20
1.74544  00  84
1.74574  0a  00
1.74601  00  aa
1.74628  b0  00
1.74658  00  16
1.74684  00  16
1.74711  a0  50
1.74740  00  00
1.74767  e4  c8
1.74799  00  9c
1.74826  b2  6a
1.74855  00  5a
1.74882  00  00
1.74909  00  25

1.79476  90  00
1.79505  00  20
1.79532  00  84
1.79562  0a  00
1.79589  00  aa
1.79617  b0  00
1.79646  00  16
1.79672  00  16
1.79699  a0  50
1.79728  00  00
1.79755  e4  c8
1.79787  00  9c
1.79814  b2  6a
1.79843  00  5a
1.79870  00  00
1.79898  00  25

1.84463  90  00
1.84492  00  20
1.84519  00  84
1.84549  0a  00
1.84576  00  aa
1.84602  b0  00
1.84631  00  16
1.84658  00  16
1.84685  a0  50
1.84714  00  00
1.84741  e4  c8
1.84772  00  9c
1.84799  b2  6a
1.84830  00  5a
1.84858  00  00
1.84884  00  25

1.89450  90  00
1.89479  00  20
1.89507  00  84
1.89536  0a  00
1.89563  00  aa
1.89589  b0  00
1.89619  00  16
1.89646  00  16
1.89673  a0  50
1.89702  00  00
1.89728  e4  c8
1.89759  00  9c
1.89787  b2  6a
1.89816  00  5a
1.89843  00  00
1.89870  00  25

1.94438  90  00
1.94467  00  20
1.94494  00  80
1.94534  0a  00
1.94561  00  aa
1.94587  b0  00
1.94617  00  16
1.94644  00  16
1.94671  a0  50
1.94700  00  00
1.94726  e4  c8
1.94758  00  9c
1.94784  b2  6a
1.94814  00  5a
1.94840  00  00
1.94867  00  25

1.99425  90  00
1.99454  00  20
1.99481  00  80
1.99511  0a  00
1.99538  00  aa
1.99565  b0  00
1.99594  00  16
1.99621  00  16
1.99648  a0  50
1.99677  00  00
1.99704  e4  c8
1.99736  00  9c
1.99763  b2  6a
1.99792  00  5a
1.99819  00  00
1.99846  00  25

2.04412  90  00
2.04441  00  20
2.04469  00  80
2.04498  0a  00
2.04525  00  aa
2.04551  b0  00
2.04581  00  16
2.04607  00  16
2.04634  a0  50
2.04663  00  00
2.04690  e4  c8
2.04721  00  9c
2.04749  b2  6a
2.04779  00  5a
2.04806  00  00
2.04833  00  25

2.09400  90  00
2.09428  00  20
2.09455  00  80
2.09485  0a  00
2.09511  00  aa
2.09538  b0  00
2.09567  00  16
2.09594  00  16
2.09621  a0  50
2.09650  00  00
2.09676  e4  c8
2.09708  00  9c
2.09735  b2  6a
2.09765  00  5a
2.09792  00  00
2.09819  00  25

2.14387  90  00
2.14416  00  20
2.14443  00  80
2.14473  0a  00
2.14500  00  aa
2.14526  b0  00
2.14555  00  16
2.14582  00  16
2.14609  a0  50
2.14637  00  00
2.14664  e4  c8
2.14696  00  9c
2.14722  b2  6a
2.14753  00  5a
2.14779  00  00
2.14806  00  25

2.19374  90  00
2.19403  00  20
2.19431  00  80
2.19460  0a  00
2.19487  00  aa
2.19513  b0  00
2.19543  00  16
2.19569  00  16
2.19597  a0  50
2.19626  00  00
2.19652  e4  c8
2.19683  00  9c
2.19710  b2  6a
2.19740  00  5a
2.19766  00  00
2.19793  00  25

2.24362  90  00
2.24390  00  20
2.24418  00  84
2.24458  0a  00
2.24485  00  aa
2.24512  b0  00
2.24541  00  16
2.24568  00  16
2.24595  a0  50
2.24624  00  00
2.24651  e4  c8
2.24683  00  9c
2.24710  b2  6a
2.24739  00  5a
2.24766  00  00
2.24793  00  25

2.29349  90  00
2.29377  00  20
2.29405  00  84
2.29434  0a  00
2.29461  00  aa
2.29488  b0  00
2.29517  00  16
2.29543  00  16
2.29571  a0  50
2.29599  00  00
2.29626  e4  c8
2.29658  00  9c
2.29685  b2  6a
2.29715  00  5a
2.29741  00  00
2.29768  00  25

2.34336  90  00
2.34364  00  20
2.34392  00  84
2.34422  0a  00
2.34450  00  aa
2.34477  b0  00
2.34506  00  16
2.34532  00  16
2.34559  a0  50
2.34588  00  00
2.34616  e4  c8
2.34647  00  9c
2.34674  b2  6a
2.34704  00  5a
2.34731  00  00
2.34758  00  25

2.39323  90  00
2.39352  00  20
2.39379  00  90
2.39419  0a  00
2.39446  00  aa
2.39474  b0  00
2.39503  00  16
2.39530  00  16
2.39556  a0  50
2.39585  00  00
2.39611  e4  c8
2.39643  00  9c
2.39670  b2  6a
2.39699  00  5a
2.39726  00  00
2.39753  00  25

2.44311  90  00
2.44340  00  20
2.44367  00  80
2.44407  0a  00
2.44434  00  aa
2.44462  b0  00
2.44492  00  16
2.44518  00  16
2.44545  a0  50
2.44574  00  00
2.44601  e4  c8
2.44633  00  9c
2.44660  b2  6a
2.44690  00  5a
2.44717  00  00
2.44744  00  25

2.49298  90  00
2.49327  00  20
2.49355  00  90
2.49395  0a  00
2.49421  00  aa
2.49448  b0  00
2.49477  00  16
2.49503  00  16
2.49530  a0  50
2.49559  00  00
2.49585  e4  c8
2.49617  00  9c
2.49644  b2  6a
2.49675  00  5a
2.49702  00  00
2.49729  00  25

2.54286  90  00
2.54314  00  20
2.54342  00  90
2.54372  0a  00
2.54398  00  aa
2.54425  b0  00
2.54454  00  16
2.54480  00  16
2.54508  a0  50
2.54536  00  00
2.54563  e4  c8
2.54595  00  9c
2.54622  b2  6a
2.54651  00  5a
2.54678  00  00
2.54705  00  25

2.59273  90  00
2.59302  00  20
2.59329  00  90
2.59359  0a  00
2.59386  00  aa
2.59412  b0  00
2.59441  00  16
2.59468  00  16
2.59495  a0  50
2.59523  00  00
2.59550  e4  c8
2.59582  00  9c
2.59608  b2  6a
2.59639  00  5a
2.59665  00  00
2.59692  00  25

2.64260  90  00
2.64289  00  20
2.64317  00  90
2.64346  0a  00
2.64373  00  aa
2.64399  b0  00
2.64429  00  16
2.64456  00  16
2.64483  a0  50
2.64512  00  00
2.64539  e4  c8
2.64570  00  9c
2.64597  b2  6a
2.64627  00  5a
2.64654  00  00
2.64681  00  25

2.69248  90  00
2.69276  00  20
2.69304  00  90
2.69334  0a  00
2.69361  00  aa
2.69387  b0  00
2.69417  00  16
2.69443  00  16
2.69470  a0  50
2.69498  00  00
2.69525  e4  c8
2.69557  00  9c
2.69584  b2  6a
2.69614  00  5a
2.69641  00  00
2.69668  00  25

2.74235  90  00
2.74264  00  20
2.74291  00  90
2.74321  0a  00
2.74348  00  aa
2.74375  b0  00
2.74404  00  16
2.74430  00  16
2.74457  a0  50
2.74486  00  00
2.74513  e4  c8
2.74544  00  9c
2.74571  b2  6a
2.74601  00  5a
2.74628  00  00
2.74655  00  25

2.79222  90  00
2.79250  00  20
2.79278  00  90
2.79308  0a  00
2.79334  00  aa
2.79361  b0  00
2.79390  00  16
2.79417  00  16
2.79444  a0  50
2.79472  00  00
2.79499  e4  c8
2.79530  00  9c
2.79557  b2  6a
2.79588  00  5a
2.79615  00  00
2.79642  00  25

2.84210  90  00
2.84238  00  20
2.84266  00  90
2.84296  0a  00
2.84322  00  aa
2.84349  b0  00
2.84377  00  16
2.84404  00  16
2.84431  a0  50
2.84460  00  00
2.84487  e4  c8
2.84518  00  9c
2.84545  b2  6a
2.84575  00  5a
2.84602  00  00
2.84629  00  25

2.89197  90  00
2.89225  00  20
2.89252  00  90
2.89282  0a  00
2.89309  00  aa
2.89335  b0  00
2.89364  00  16
2.89391  00  16
2.89418  a0  50
2.89447  00  00
2.89474  e4  c8
2.89506  00  9c
2.89533  b2  6a
2.89563  00  5a
2.89590  00  00
2.89617  00  25

2.94184  90  00
2.94213  00  20
2.94241  00  90
2.94270  0a  00
2.94298  00  aa
2.94324  b0  00
2.94353  00  16
2.94380  00  16
2.94407  a0  50
2.94435  00  00
2.94462  e4  c8
2.94494  00  9c
2.94520  b2  6a
2.94550  00  5a
2.94576  00  00
2.94604  00  25

2.99172  90  00
2.99200  00  20
2.99228  00  90
2.99258  0a  00
2.99284  00  aa
2.99311  b0  00
2.99340  00  16
2.99366  00  16
2.99394  a0  50
2.99422  00  00
2.99449  e4  c8
2.99481  00  9c
2.99508  b2  6a
2.99537  00  5a
2.99564  00  00
2.99591  00  25

3.04159  90  00
3.04188  00  20
3.04215  00  90
3.04245  0a  00
3.04272  00  aa
3.04298  b0  00
3.04327  00  16
3.04354  00  16
3.04381  a0  50
3.04409  00  00
3.04436  e4  c8
3.04467  00  9c
3.04494  b2  6a
3.04525  00  5a
3.04551  00  00
3.04578  00  25

3.09146  90  00
3.09175  00  20
3.09203  00  90
3.09232  0a  00
3.09259  00  aa
3.09285  b0  00
3.09315  00  16
3.09341  00  16
3.09368  a0  50
3.09397  00  00
3.09424  e4  c8
3.09456  00  9c
3.09482  b2  6a
3.09512  00  5a
3.09539  00  00
