# time   MOSI  MISO
0.00015  00  00
0.00116  0a  00
0.00143  00  aa
0.00169  0a  00
0.00196  00  aa
0.00222  80  00
0.00251  0a  81
0.00279  99  87
0.00306  01  00
0.00333  00  c8
0.00360  00  00
0.00388  00  c8
0.00415  00  00
0.00442  00  00
0.00469  b0  00
0.00499  00  16
0.00525  00  16
0.00552  a0  50
0.00581  00  00
0.00608  e4  c8
0.00639  00  9c
0.00666  00  6a
0.00705  50  00
0.00733  2f  50
0.00760  90  50
0.00789  00  20
0.00817  00  84

0.04960  90  00
0.04988  00  20
0.05016  00  84
0.05045  0a  00
0.05073  00  aa
0.05099  b0  00
0.05129  00  16
0.05155  00  16
0.05182  a0  50
0.05211  00  00
0.05238  e4  c8
0.05270  00  9c
0.05297  b2  6a
0.05327  00  5a
0.05354  00  00
0.05381  00  25

0.09946  90  00
0.09975  00  20
0.10002  00  84
0.10032  0a  00
0.10059  00  aa
0.10085  b0  00
0.10115  00  16
0.10142  00  16
0.10169  a0  50
0.10198  00  00
0.10224  e4  c8
0.10256  00  9c
0.10283  b2  6a
0.10312  00  5a
0.10339  00  00
0.10366  00  25

0.14933  90  00
0.14961  00  20
0.14990  00  84
0.15020  0a  00
0.15046  00  aa
0.15073  b0  00
0.15103  00  16
0.15130  00  16
0.15157  a0  50
0.15186  00  00
0.15213  e4  c8
0.15244  00  9c
0.15271  b2  6a
0.15301  00  5a
0.15327  00  00
0.15354  00  25

0.19920  90  00
0.19949  00  20
0.19977  00  84
0.20006  0a  00
0.20033  00  aa
0.20060  b0  00
0.20090  00  16
0.20117  00  16
0.20144  a0  50
0.20172  00  00
0.20200  e4  c8
0.20231  00  9c
0.20258  b2  6a
0.20289  00  5a
0.20315  00  00
0.20343  00  25

0.24908  90  00
0.24936  00  20
0.24964  00  84
0.24993  0a  00
0.25020  00  aa
0.25046  b0  00
0.25077  00  16
0.25104  00  16
0.25131  a0  50
0.25160  00  00
0.25187  e4  c8
0.25218  00  9c
0.25245  b2  6a
0.25275  00  5a
0.25303  00  00
0.25330  00  25

0.29895  90  00
0.29924  00  20
0.29951  00  84
0.29981  0a  00
0.30008  00  aa
0.30037  b0  00
0.30066  00  16
0.30093  00  16
0.30120  a0  50
0.30148  00  00
0.30175  e4  c8
0.30206  00  9c
0.30233  b2  6a
0.30263  00  5a
0.30290  00  00
0.30318  00  25

0.34882  90  00
0.34911  00  20
0.34939  00  84
0.34968  0a  00
0.34995  00  aa
0.35021  b0  00
0.35051  00  16
0.35078  00  16
0.35105  a0  50
0.35134  00  00
0.35161  e4  c8
0.35192  00  9c
0.35219  b2  6a
0.35249  00  5a
0.35275  00  00
0.35302  00  25

0.39870  90  00
0.39898  00  20
0.39926  00  84
0.39955  0a  00
0.39982  00  aa
0.40008  b0  00
0.40037  00  16
0.40063  00  16
0.40090  a0  50
0.40119  00  00
0.40148  e4  c8
0.40179  00  9c
0.40206  b2  6a
0.40236  00  5a
0.40263  00  00
0.40291  00  25

0.44857  90  00
0.44886  00  20
0.44913  00  84
0.44943  0a  00
0.44970  00  aa
0.44997  b0  00
0.45026  00  16
0.45053  00  16
0.45080  a0  50
0.45110  00  00
0.45136  e4  c8
0.45168  00  9c
0.45195  b2  6a
0.45225  00  5a
0.45252  00  00
0.45279  00  25

0.49844  90  00
0.49873  00  20
0.49900  00  84
0.49930  0a  00
0.49957  00  aa
0.49983  b0  00
0.50012  00  16
0.50039  00  16
0.50068  a0  50
0.50097  00  00
0.50123  e4  c8
0.50155  00  9c
0.50184  b2  6a
0.50214  00  5a
0.50241  00  00
0.50267  00  25

0.54832  90  00
0.54861  00  20
0.54888  00  84
0.54918  0a  00
0.54945  00  aa
0.54972  b0  00
0.55000  00  16
0.55027  00  16
0.55054  a0  50
0.55083  00  00
0.55110  e4  c8
0.55141  00  9c
0.55168  b2  6a
0.55198  00  5a
0.55227  00  00
0.55253  00  25

0.59819  90  00
0.59848  00  20
0.59876  00  84
0.59905  0a  00
0.59932  00  aa
0.59958  b0  00
0.59987  00  16
0.60014  00  16
0.60041  a0  50
0.60070  00  00
0.60097  e4  c8
0.60128  00  9c
0.60155  b2  6a
0.60185  00  5a
0.60211  00  00
0.60238  00  25

0.64807  90  00
0.64835  00  20
0.64863  00  84
0.64893  0a  00
0.64921  00  aa
0.64947  b0  00
0.64976  00  16
0.65003  00  16
0.65030  a0  50
0.65059  00  00
0.65087  e4  c8
0.65118  00  9c
0.65145  b2  6a
0.65175  00  5a
0.65203  00  00
0.65230  00  25

0.69794  90  00
0.69823  00  20
0.69850  00  84
0.69880  0a  00
0.69907  00  aa
0.69934  b0  00
0.69962  00  16
0.69989  00  16
0.70016  a0  50
0.70045  00  00
0.70072  e4  c8
0.70103  00  9c
0.70130  b2  6a
0.70161  00  5a
0.70187  00  00
0.70215  00  25

0.74781  90  00
0.74810  00  20
0.74838  00  84
0.74867  0a  00
0.74894  00  aa
0.74920  b0  00
0.74950  00  16
0.74976  00  16
0.75004  a0  50
0.75032  00  00
0.75059  e4  c8
0.75091  00  9c
0.75118  b2  6a
0.75147  00  5a
0.75174  00  00
0.75201  00  25

0.79769  90  00
0.79797  00  20
0.79825  00  84
0.79854  0a  00
0.79881  00  aa
0.79908  b0  00
0.79937  00  16
0.79964  00  16
0.79991  a0  50
0.80020  00  00
0.80047  e4  c8
0.80078  00  9c
0.80106  b2  6a
0.80136  00  5a
0.80163  00  00
0.80190  00  25

0.84756  90  00
0.84785  00  20
0.84812  00  84
0.84842  0a  00
0.84869  00  aa
0.84895  b0  00
0.84924  00  16
0.84951  00  16
0.84978  a0  50
0.85007  00  00
0.85034  e4  c8
0.85065  00  9c
0.85092  b2  6a
0.85122  00  5a
0.85149  00  00
0.85176  00  25

0.89743  90  00
0.89772  00  20
0.89800  00  84
0.89829  0a  00
0.89856  00  aa
0.89882  b0  00
0.89912  00  16
0.89938  00  16
0.89966  a0  50
0.89994  00  00
0.90021  e4  c8
0.90052  00  9c
0.90079  b2  6a
0.90109  00  5a
0.90136  00  00
0.90163  00  25

0.94731  90  00
0.94759  00  20
0.94787  00  84
0.94816  0a  00
0.94844  00  aa
0.94870  b0  00
0.94899  00  16
0.94927  00  16
0.94955  a0  50
0.94984  00  00
0.95011  e4  c8
0.95043  00  9c
0.95070  b2  6a
0.95100  00  5a
0.95127  00  00
0.95154  00  25

0.99718  90  00
0.99746  00  20
0.99774  00  84
0.99803  0a  00
0.99830  00  aa
0.99856  b0  00
0.99886  00  16
0.99913  00  16
0.99940  a0  50
0.99969  00  00
0.99996  e4  c8
1.00028  00  9c
1.00055  b2  6a
1.00085  00  5a
1.00112  00  00
1.00139  00  25

1.04705  90  00
1.04733  00  20
1.04761  00  84
1.04791  0a  00
1.04817  00  aa
1.04844  b0  00
1.04873  00  16
1.04900  00  16
1.04927  a0  50
1.04956  00  00
1.04983  e4  c8
1.05016  00  9c
1.05043  b2  6a
1.05072  00  5a
1.05099  00  00
1.05126  00  25

1.09693  90  00
1.09721  00  20
1.09749  00  84
1.09778  0a  00
1.09806  00  aa
1.09832  b0  00
1.09861  00  16
1.09889  00  16
1.09916  a0  50
1.09944  00  00
1.09974  e4  c8
1.10006  00  9c
1.10032  b2  6a
1.10062  00  5a
1.10089  00  00
1.10116  00  25

1.14680  90  00
1.14708  00  20
1.14737  00  84
1.14766  0a  00
1.14793  00  aa
1.14820  b0  00
1.14850  00  16
1.14877  00  16
1.14904  a0  50
1.14932  00  00
1.14960  e4  c8
1.14991  00  9c
1.15018  b2  6a
1.15048  00  5a
1.15075  00  00
1.15102  00  25

1.19667  90  00
1.19696  00  20
1.19724  00  84
1.19753  0a  00
1.19780  00  aa
1.19807  b0  00
1.19836  00  16
1.19863  00  16
1.19890  a0  50
1.19919  00  00
1.19946  e4  c8
1.19977  00  9c
1.20004  b2  6a
1.20034  00  5a
1.20062  00  00
1.20089  00  25

1.24655  90  00
1.24683  00  20
1.24711  00  84
1.24740  0a  00
1.24767  00  aa
1.24794  b0  00
1.24823  00  16
1.24850  00  16
1.24877  a0  50
1.24906  00  00
1.24932  e4  c8
1.24963  00  9c
1.24990  b2  6a
1.25020  00  5a
1.25049  00  00
1.25076  00  25

1.29642  90  00
1.29670  00  20
1.29698  00  84
1.29727  0a  00
1.29754  00  aa
1.29781  b0  00
1.29810  00  16
1.29837  00  16
1.29864  a0  50
1.29892  00  00
1.29919  e4  c8
1.29951  00  9c
1.29978  b2  6a
1.30008  00  5a
1.30035  00  00
1.30062  00  25

1.34629  90  00
1.34658  00  20
1.34686  00  80
1.34726  0a  00
1.34752  00  aa
1.34779  b0  00
1.34808  00  16
1.34835  00  16
1.34862  a0  50
1.34891  00  00
1.34918  e4  c8
1.34950  00  9c
1.34977  b2  6a
1.35006  00  5a
1.35034  00  00
1.35061  00  25

1.39617  90  00
1.39645  00  20
1.39673  00  80
1.39702  0a  00
1.39729  00  aa
1.39756  b0  00
1.39785  00  16
1.39812  00  16
1.39839  a0  50
1.39868  00  00
1.39895  e4  c8
1.39927  00  9c
1.39953  b2  6a
1.39983  00  5a
1.40010  00  00
1.40037  00  25

1.44604  90  00
1.44633  00  20
1.44660  00  80
1.44690  0a  00
1.44717  00  aa
1.44743  b0  00
1.44772  00  16
1.44798  00  16
1.44825  a0  50
1.44854  00  00
1.44881  e4  c8
1.44912  00  9c
1.44939  b2  6a
1.44970  00  5a
1.44996  00  00
1.45023  00  25

1.49591  90  00
1.49620  00  20
1.49648  00  80
1.49677  0a  00
1.49705  00  aa
1.49731  b0  00
1.49760  00  16
1.49787  00  16
1.49814  a0  50
1.49843  00  00
1.49870  e4  c8
1.49901  00  9c
1.49928  b2  6a
1.49958  00  5a
1.49985  00  00
1.50012  00  25

1.54579  90  00
1.54607  00  20
1.54634  00  80
1.54664  0a  00
1.54691  00  aa
1.54717  b0  00
1.54746  00  16
1.54772  00  16
1.54799  a0  50
1.54828  00  00
1.54855  e4  c8
1.54887  00  9c
1.54914  b2  6a
1.54945  00  5a
1.54971  00  00
1.54998  00  25

1.59566  90  00
1.59595  00  20
1.59622  00  80
1.59652  0a  00
1.59679  00  aa
1.59705  b0  00
1.59734  00  16
1.59761  00  16
1.59788  a0  50
1.59816  00  00
1.59843  e4  c8
1.59875  00  9c
1.59901  b2  6a
1.59932  00  5a
1.59959  00  00
1.59986  00  25

1.64553  90  00
1.64582  00  20
1.64610  00  80
1.64639  0a  00
1.64667  00  aa
1.64693  b0  00
1.64722  00  16
1.64749  00  16
1.64776  a0  50
1.64805  00  00
1.64832  e4  c8
1.64864  00  9c
1.64891  b2  6a
1.64921  00  5a
1.64948  00  00
1.64975  00  25

1.69541  90  00
1.69569  00  20
1.69597  00  84
1.69637  0a  00
1.69664  00  aa
1.69690  b0  00
1.69720  00  16
1.69746  00  16
1.69773  a0  50
1.69802  00  00
1.69828  e4  c8
1.69860  00  9c
1.69887  b2  6a
1.69918  00  5a
1.69945  00  00
1.69972  00  25

1.74528  90  00
1.74557  00  20
1.74585  00  84
1.74615  0a  00
1.74642  00  aa
1.74669  b0  00
1.74698  00  16
1.74724  00  16
1.74751  a0  50
1.74780  00  00
1.74807  e4  c8
1.74838  00  9c
1.74865  b2  6a
1.74895  00  5a
1.74921  00  00
1.74948  00  25

1.79515  90  00
1.79544  00  20
1.79572  00  84
1.79601  0a  00
1.79628  00  aa
1.79654  b0  00
1.79685  00  16
1.79711  00  16
1.79738  a0  50
1.79767  00  00
1.79794  e4  c8
1.79825  00  9c
1.79854  b2  6a
1.79884  00  5a
1.79911  00  00
1.79938  00  25

1.84503  90  00
1.84531  00  20
1.84558  00  84
1.84588  0a  00
1.84615  00  aa
1.84642  b0  00
1.84672  00  16
1.84698  00  16
1.84724  a0  50
1.84753  00  00
1.84780  e4  c8
1.84812  00  9c
1.84839  b2  6a
1.84868  00  5a
1.84895  00  00
1.84922  00  25

1.89490  90  00
1.89519  00  20
1.89546  00  84
1.89576  0a  00
1.89603  00  aa
1.89630  b0  00
1.89660  00  16
1.89687  00  16
1.89714  a0  50
1.89743  00  00
1.89769  e4  c8
1.89801  00  9c
1.89831  b2  6a
1.89861  00  5a
1.89888  00  00
1.89915  00  25

1.94477  90  00
1.94506  00  20
1.94534  00  84
1.94563  0a  00
1.94590  00  aa
1.94616  b0  00
1.94645  00  16
1.94672  00  16
1.94699  a0  50
1.94728  00  00
1.94755  e4  c8
1.94786  00  9c
1.94813  b2  6a
1.94843  00  5a
1.94870  00  00
1.94897  00  25

1.99465  90  00
1.99493  00  20
1.99522  00  84
1.99551  0a  00
1.99578  00  aa
1.99604  b0  00
1.99633  00  16
1.99661  00  16
1.99688  a0  50
1.99717  00  00
1.99744  e4  c8
1.99775  00  9c
1.99802  b2  6a
1.99833  00  5a
1.99859  00  00
1.99887  00  25

2.04452  90  00
2.04481  00  20
2.04508  00  84
2.04538  0a  00
2.04565  00  aa
2.04591  b0  00
2.04620  00  16
2.04647  00  16
2.04674  a0  50
2.04703  00  00
2.04730  e4  c8
2.04761  00  9c
2.04788  b2  6a
2.04818  00  5a
2.04845  00  00
2.04872  00  25

2.09439  90  00
2.09467  00  20
2.09496  00  84
2.09526  0a  00
2.09553  00  aa
2.09579  b0  00
2.09610  00  16
2.09636  00  16
2.09663  a0  50
2.09692  00  00
2.09720  e4  c8
2.09751  00  9c
2.09778  b2  6a
2.09808  00  5a
2.09835  00  00
2.09862  00  25

2.14427  90  00
2.14455  00  20
2.14483  00  84
2.14513  0a  00
2.14539  00  aa
2.14566  b0  00
2.14596  00  16
2.14623  00  16
2.14650  a0  50
2.14679  00  00
2.14705  e4  c8
2.14737  00  9c
2.14764  b2  6a
2.14793  00  5a
2.14820  00  00
2.14847  00  25

2.19414  90  00
2.19442  00  20
2.19470  00  80
2.19510  0a  00
2.19537  00  aa
2.19563  b0  00
2.19592  00  16
2.19618  00  16
2.19645  a0  50
2.19674  00  00
2.19701  e4  c8
2.19732  00  9c
2.19759  b2  6a
2.19790  00  5a
2.19817  00  00
2.19844  00  25

2.24401  90  00
2.24429  00  20
2.24457  00  80
2.24487  0a  00
2.24513  00  aa
2.24540  b0  00
2.24569  00  16
2.24596  00  16
2.24623  a0  50
2.24651  00  00
2.24679  e4  c8
2.24710  00  9c
2.24737  b2  6a
2.24767  00  5a
2.24794  00  00
2.24821  00  25

2.29389  90  00
2.29417  00  20
2.29445  00  80
2.29475  0a  00
2.29501  00  aa
2.29528  b0  00
2.29557  00  16
2.29584  00  16
2.29611  a0  50
2.29640  00  00
2.29667  e4  c8
2.29698  00  9c
2.29725  b2  6a
2.29754  00  5a
2.29781  00  00
2.29808  00  25

2.34376  90  00
2.34404  00  20
2.34432  00  80
2.34461  0a  00
2.34488  00  aa
2.34515  b0  00
2.34544  00  16
2.34571  00  16
2.34598  a0  50
2.34627  00  00
2.34654  e4  c8
2.34685  00  9c
2.34712  b2  6a
2.34742  00  5a
2.34768  00  00
2.34795  00  25

2.39363  90  00
2.39392  00  20
2.39420  00  80
2.39449  0a  00
2.39476  00  aa
2.39502  b0  00
2.39532  00  16
2.39558  00  16
2.39585  a0  50
2.39614  00  00
2.39641  e4  c8
2.39672  00  9c
2.39699  b2  6a
2.39729  00  5a
2.39756  00  00
2.39783  00  25

2.44351  90  00
2.44379  00  20
2.44407  00  84
2.44447  0a  00
2.44474  00  aa
2.44500  b0  00
2.44529  00  16
2.44556  00  16
2.44583  a0  50
2.44612  00  00
2.44638  e4  c8
2.44670  00  9c
2.44696  b2  6a
2.44727  00  5a
2.44754  00  00
2.44781  00  25

2.49338  90  00
2.49367  00  20
2.49394  00  84
2.49424  0a  00
2.49451  00  aa
2.49479  b0  00
2.49509  00  16
2.49535  00  16
2.49562  a0  50
2.49591  00  00
2.49617  e4  c8
2.49649  00  9c
2.49676  b2  6a
2.49706  00  5a
2.49733  00  00
2.49760  00  25

2.54325  90  00
2.54354  00  20
2.54382  00  84
2.54411  0a  00
2.54438  00  aa
2.54465  b0  00
2.54494  00  16
2.54520  00  16
2.54547  a0  50
2.54576  00  00
2.54603  e4  c8
2.54635  00  9c
2.54661  b2  6a
2.54691  00  5a
2.54717  00  00
2.54745  00  25

2.59313  90  00
2.59341  00  20
2.59369  00  84
2.59399  0a  00
2.59425  00  aa
2.59452  b0  00
2.59481  00  16
2.59507  00  16
2.59535  a0  50
2.59563  00  00
2.59590  e4  c8
2.59622  00  9c
2.59649  b2  6a
2.59678  00  5a
2.59705  00  00
2.59732  00  25

2.64300  90  00
2.64329  00  20
2.64356  00  84
2.64386  0a  00
2.64413  00  aa
2.64439  b0  00
2.64468  00  16
2.64495  00  16
2.64522  a0  50
2.64551  00  00
2.64578  e4  c8
2.64609  00  9c
2.64636  b2  6a
2.64666  00  5a
2.64692  00  00
2.64719  00  25

2.69287  90  00
2.69316  00  20
2.69344  00  84
2.69373  0a  00
2.69400  00  aa
2.69427  b0  00
2.69456  00  16
2.69482  00  16
2.69509  a0  50
2.69538  00  00
2.69565  e4  c8
2.69597  00  9c
2.69623  b2  6a
2.69653  00  5a
2.69679  00  00
2.69706  00  25

2.74275  90  00
2.74303  00  20
2.74331  00  84
2.74361  0a  00
2.74387  00  aa
2.74414  b0  00
2.74443  00  16
2.74470  00  16
2.74497  a0  50
2.74525  00  00
2.74552  e4  c8
2.74583  00  9c
2.74610  b2  6a
2.74640  00  5a
2.74667  00  00
2.74695  00  25

2.79262  90  00
2.79291  00  20
2.79318  00  84
2.79348  0a  00
2.79375  00  aa
2.79402  b0  00
2.79431  00  16
2.79457  00  16
2.79484  a0  50
2.79513  00  00
2.79540  e4  c8
2.79571  00  9c
2.79599  b2  6a
2.79629  00  5a
2.79655  00  00
2.79682  00  25

2.84249  90  00
2.84278  00  20
2.84306  00  80
2.84346  0a  00
2.84373  00  aa
2.84400  b0  00
2.84429  00  16
2.84456  00  16
2.84483  a0  50
2.84512  00  00
2.84539  e4  c8
2.84571  00  9c
2.84598  b2  6a
2.84627  00  5a
2.84654  00  00
2.84681  00  25

2.89237  90  00
2.89265  00  20
2.89293  00  80
2.89323  0a  00
2.89350  00  aa
2.89377  b0  00
2.89406  00  16
2.89432  00  16
2.89459  a0  50
2.89488  00  00
2.89515  e4  c8
2.89547  00  9c
2.89574  b2  6a
2.89603  00  5a
2.89630  00  00
2.89657  00  25

2.94224  90  00
2.94253  00  20
2.94280  00  80
2.94310  0a  00
2.94337  00  aa
2.94363  b0  00
2.94393  00  16
2.94420  00  16
2.94447  a0  50
2.94475  00  00
2.94502  e4  c8
2.94534  00  9c
2.94561  b2  6a
2.94591  00  5a
2.94618  00  00
2.94645  00  25

2.99211  90  00
2.99240  00  20
2.99268  00  80
2.99297  0a  00
2.99325  00  aa
2.99351  b0  00
2.99381  00  16
2.99407  00  16
2.99434  a0  50
2.99463  00  00
2.99490  e4  c8
2.99520  00  9c
2.99547  b2  6a
2.99577  00  5a
2.99604  00  00
2.99631  00  25

3.04199  90  00
3.04228  00  20
3.04255  00  80
3.04285  0a  00
3.04312  00  aa
3.04338  b0  00
3.04367  00  16
3.04394  00  16
3.04421  a0  50
3.04449  00  00
3.04476  e4  c8
3.04507  00  9c
3.04534  b2  6a
3.04565  00  5a
3.04591  00  00
3.04618  00  25

3.09186  90  00
3.09215  00  20
3.09242  00  80
3.09272  0a  00
3.09299  00  aa
3.09325  b0  00
3.09354  00  16
3.09380  00  16
3.09407  a0  50
3.09436  00  00
3.09463  e4  c8
3.09495  00  9c
3.09522  b2  6a
3.09552  00  5a
3.09579  00  00
