# time   MOSI  MISO
0.00015  00  08
0.00090  0a  00
0.00117  00  aa
0.00144  0a  00
0.00171  00  aa
0.00198  80  00
0.00227  0a  81
0.00255  99  87
0.00284  01  00
0.00312  00  c8
0.00339  00  00
0.00366  00  c8
0.00394  00  00
0.00421  00  00
0.00448  b0  00
0.00477  00  16
0.00504  00  16
0.00531  a0  50
0.00560  00  00
0.00586  e4  c8
0.00618  00  9c
0.00645  00  6a
0.00686  50  00
0.00713  2f  50
0.00742  90  50
0.00770  00  00
0.00798  00  80
0.00825  0c  00

0.01641  0e  0c
0.01668  0f  0e

0.01905  c0  0f
0.01934  00  00
0.01960  00  00
0.01993  90  00
0.02021  00  00
0.02049  00  80
0.02076  07  00
0.02131  0e  07
0.02159  0f  0e

0.04337  90  0f

0.04972  00  00
0.05000  00  80
0.05027  0a  00
0.05054  00  aa
0.05081  b0  00
0.05110  00  16
0.05137  00  16
0.05164  a0  50
0.05193  00  00
0.05222  e4  c8
0.05259  00  9c
0.05286  b2  6a
0.05316  00  5a
0.05343  00  00
0.05371  00  25

0.09322  90  00
0.09351  00  00
0.09381  00  80

0.10280  0a  00
0.10307  00  aa
0.10333  b0  00
0.10362  00  16
0.10389  00  16
0.10416  a0  50
0.10445  00  00
0.10471  e4  c8
0.10503  00  9c
0.10530  b2  6a
0.10559  00  5a
0.10586  00  00
0.10613  00  25

0.14276  90  00
0.14305  00  00
0.14333  00  80
0.14362  0a  00
0.14389  00  aa
0.14415  b0  00
0.14454  00  16
0.14481  00  16
0.14508  a0  50
0.14538  00  00
0.14565  e4  c8
0.14596  00  9c
0.14623  b2  6a
0.14653  00  5a
0.14680  00  00
0.14707  00  25

0.19275  90  00
0.19304  00  00
0.19331  00  80
0.19359  0a  00
0.19386  00  aa
0.19412  b0  00
0.19441  00  16
0.19467  00  16
0.19494  a0  50
0.19525  00  00
0.19552  e4  c8
0.19584  00  9c
0.19610  b2  6a
0.19640  00  5a
0.19666  00  00
0.19692  00  25

0.24251  90  00
0.24279  00  00
0.24306  00  80
0.24336  0a  00
0.24363  00  aa
0.24389  b0  00
0.24418  00  16
0.24445  00  16
0.24472  a0  50
0.24501  00  00
0.24528  e4  c8
0.24559  00  9c
0.24586  b2  6a
0.24628  00  5a
0.24655  00  00
0.24682  00  25

0.29238  90  00
0.29267  00  00
0.29294  00  80
0.29324  0a  00
0.29351  00  aa
0.29378  b0  00
0.29416  00  16
0.29442  00  16
0.29469  a0  50
0.29500  00  00
0.29527  e4  c8
0.29558  00  9c
0.29585  b2  6a
0.29615  00  5a
0.29642  00  00
0.29669  00  25

0.34237  90  00
0.34266  00  00
0.34293  00  80
0.34321  0a  00
0.34347  00  aa
0.34374  b0  00
0.34403  00  16
0.34429  00  16
0.34456  a0  50
0.34487  00  00
0.34514  e4  c8
0.34545  00  9c
0.34572  b2  6a
0.34602  00  5a
0.34629  00  00
0.34656  00  25

0.39212  90  00
0.39241  00  00
0.39269  00  80
0.39299  0a  00
0.39325  00  aa
0.39352  b0  00
0.39381  00  16
0.39407  00  16
0.39435  a0  50
0.39463  00  00
0.39490  e4  c8
0.39522  00  9c
0.39549  b2  6a
0.39590  00  5a
0.39617  00  00
0.39644  00  25

0.44200  90  00
0.44228  00  00
0.44256  00  80
0.44286  0a  00
0.44312  00  aa
0.44339  b0  00
0.44378  00  16
0.44405  00  16
0.44432  a0  50
0.44461  00  00
0.44488  e4  c8
0.44520  00  9c
0.44547  b2  6a
0.44577  00  5a
0.44604  00  00
0.44631  00  25

0.49199  90  00
0.49227  00  00
0.49255  00  80
0.49282  0a  00
0.49310  00  aa
0.49336  b0  00
0.49365  00  16
0.49392  00  16
0.49419  a0  50
0.49449  00  00
0.49476  e4  c8
0.49507  00  9c
0.49534  b2  6a
0.49564  00  5a
0.49591  00  00
0.49618  00  25

0.54174  90  00
0.54202  00  00
0.54230  00  80
0.54260  0a  00
0.54286  00  aa
0.54313  b0  00
0.54342  00  16
0.54369  00  16
0.54396  a0  50
0.54425  00  00
0.54452  e4  c8
0.54483  00  9c
0.54510  b2  6a
0.54552  00  5a
0.54579  00  00
0.54606  00  25

0.59162  90  00
0.59190  00  00
0.59217  00  80
0.59247  0a  00
0.59274  00  aa
0.59300  b0  00
0.59340  00  16
0.59366  00  16
0.59393  a0  50
0.59423  00  00
0.59450  e4  c8
0.59481  00  9c
0.59508  b2  6a
0.59537  00  5a
0.59564  00  00
0.59591  00  25

0.64160  90  00
0.64189  00  00
0.64217  00  80
0.64244  0a  00
0.64271  00  aa
0.64297  b0  00
0.64326  00  16
0.64353  00  16
0.64380  a0  50
0.64411  00  00
0.64438  e4  c8
0.64469  00  9c
0.64495  b2  6a
0.64525  00  5a
0.64552  00  00
0.64579  00  25

0.69136  90  00
0.69165  00  00
0.69192  00  80
0.69222  0a  00
0.69249  00  aa
0.69275  b0  00
0.69304  00  16
0.69332  00  16
0.69358  a0  50
0.69387  00  00
0.69414  e4  c8
0.69445  00  9c
0.69472  b2  6a
0.69514  00  5a
0.69541  00  00
0.69568  00  25

0.74123  90  00
0.74151  00  00
0.74179  00  80
0.74209  0a  00
0.74235  00  aa
0.74262  b0  00
0.74291  00  16
0.74318  00  16
0.74345  a0  50
0.74374  00  00
0.74401  e4  c8
0.74432  00  9c
0.74459  b2  6a
0.74489  00  5a
0.74516  00  00
0.74543  00  25

0.79109  90  00
0.79138  00  00
0.79165  00  80
0.79195  0a  00
0.79222  00  aa
0.79248  b0  00
0.79277  00  16
0.79304  00  16
0.79331  a0  50
0.79359  00  00
0.79386  e4  c8
0.79417  00  9c
0.79444  b2  6a
0.79474  00  5a
0.79501  00  00
0.79528  00  25

0.84100  90  00
0.84129  00  00
0.84157  00  80
0.84188  0a  00
0.84215  00  aa
0.84241  b0  00
0.84270  00  16
0.84297  00  16
0.84325  a0  50
0.84355  00  00
0.84381  e4  c8
0.84413  00  9c
0.84440  b2  6a
0.84469  00  5a
0.84496  00  00
0.84523  00  25

0.89085  90  00
0.89113  00  00
0.89140  00  80
0.89171  0a  00
0.89197  00  aa
0.89224  b0  00
0.89253  00  16
0.89280  00  16
0.89307  a0  50
0.89336  00  00
0.89364  e4  c8
0.89396  00  9c
0.89423  b2  6a
0.89452  00  5a
0.89479  00  00
0.89506  00  25

0.94075  90  00
0.94103  00  00
0.94130  00  80
0.94161  0a  00
0.94189  00  aa
0.94216  b0  00
0.94246  00  16
0.94273  00  16
0.94300  a0  50
0.94328  00  00
0.94355  e4  c8
0.94385  00  9c
0.94413  b2  6a
0.94447  00  5a
0.94473  00  00
0.94500  00  25

0.99058  90  00
0.99086  00  00
0.99114  00  80
0.99146  0a  00
0.99173  00  aa
0.99201  b0  00
0.99231  00  16
0.99258  00  16
0.99285  a0  50
0.99314  00  00
0.99340  e4  c8
0.99372  00  9c
0.99400  b2  6a
0.99433  00  5a
0.99459  00  00
0.99486  00  25

1.04050  90  00
1.04078  00  00
1.04105  00  80
1.04136  0a  00
1.04164  00  aa
1.04191  b0  00
1.04220  00  16
1.04247  00  16
1.04274  a0  50
1.04302  00  00
1.04330  e4  c8
1.04360  00  9c
1.04387  b2  6a
1.04418  00  5a
1.04445  00  00
1.04472  00  25

1.09037  90  00
1.09065  00  00
1.09094  00  80
1.09124  0a  00
1.09151  00  aa
1.09177  b0  00
1.09207  00  16
1.09236  00  16
1.09263  a0  50
1.09291  00  00
1.09318  e4  c8
1.09349  00  9c
1.09376  b2  6a
1.09406  00  5a
1.09433  00  00
1.09460  00  25

1.14020  90  00
1.14049  00  00
1.14076  00  80
1.14107  0a  00
1.14134  00  aa
1.14160  b0  00
1.14190  00  16
1.14216  00  16
1.14243  a0  50
1.14272  00  00
1.14298  e4  c8
1.14330  00  9c
1.14357  b2  6a
1.14387  00  5a
1.14413  00  00
1.14440  00  25

1.19011  90  00
1.19042  00  00
1.19071  00  80
1.19101  0a  00
1.19128  00  aa
1.19155  b0  00
1.19185  00  16
1.19212  00  16
1.19239  a0  50
1.19267  00  00
1.19294  e4  c8
1.19325  00  9c
1.19353  b2  6a
1.19382  00  5a
1.19409  00  00
1.19436  00  25

1.23999  90  00
1.24027  00  00
1.24054  00  80
1.24087  0a  00
1.24113  00  aa
1.24141  b0  00
1.24170  00  16
1.24198  00  16
1.24224  a0  50
1.24253  00  00
1.24279  e4  c8
1.24310  00  9c
1.24337  b2  6a
1.24368  00  5a
1.24395  00  00
1.24421  00  25

1.28982  90  00
1.29012  00  00
1.29041  00  80
1.29073  0a  00
1.29100  00  aa
1.29127  b0  00
1.29157  00  16
1.29184  00  16
1.29211  a0  50
1.29239  00  00
1.29266  e4  c8
1.29297  00  9c
1.29324  b2  6a
1.29355  00  5a
1.29382  00  00
1.29408  00  25

1.33973  90  00
1.34001  00  00
1.34029  00  80
1.34061  0a  00
1.34088  00  aa
1.34115  b0  00
1.34144  00  16
1.34171  00  16
1.34198  a0  50
1.34226  00  00
1.34253  e4  c8
1.34284  00  9c
1.34311  b2  6a
1.34343  00  5a
1.34370  00  00
1.34398  00  25

1.38959  90  00
1.38987  00  00
1.39015  00  80
1.39047  0a  00
1.39074  00  aa
1.39102  b0  00
1.39131  00  16
1.39158  00  16
1.39185  a0  50
1.39214  00  00
1.39240  e4  c8
1.39273  00  9c
1.39300  b2  6a
1.39330  00  5a
1.39356  00  00
1.39383  00  25

1.43946  90  00
1.43975  00  00
1.44002  00  80
1.44034  0a  00
1.44061  00  aa
1.44089  b0  00
1.44121  00  16
1.44147  00  16
1.44176  a0  50
1.44205  00  00
1.44231  e4  c8
1.44262  00  9c
1.44289  b2  6a
1.44318  00  5a
1.44345  00  00
1.44372  00  25

1.48934  90  00
1.48962  00  00
1.48990  00  80
1.49022  0a  00
1.49051  00  aa
1.49077  b0  00
1.49107  00  16
1.49133  00  16
1.49161  a0  50
1.49190  00  00
1.49217  e4  c8
1.49248  00  9c
1.49275  b2  6a
1.49305  00  5a
1.49332  00  00
1.49360  00  25

1.53921  90  00
1.53949  00  00
1.53977  00  80
1.54009  0a  00
1.54036  00  aa
1.54063  b0  00
1.54092  00  16
1.54119  00  16
1.54146  a0  50
1.54175  00  00
1.54201  e4  c8
1.54232  00  9c
1.54259  b2  6a
1.54293  00  5a
1.54320  00  00
1.54347  00  25

1.58908  90  00
1.58936  00  00
1.58967  00  80
1.58996  0a  00
1.59023  00  aa
1.59049  b0  00
1.59079  00  16
1.59106  00  16
1.59133  a0  50
1.59162  00  00
1.59189  e4  c8
1.59220  00  9c
1.59247  b2  6a
1.59278  00  5a
1.59305  00  00
1.59332  00  25

1.63897  90  00
1.63926  00  00
1.63953  00  80
1.63983  0a  00
1.64009  00  aa
1.64036  b0  00
1.64066  00  16
1.64094  00  16
1.64120  a0  50
1.64149  00  00
1.64175  e4  c8
1.64207  00  9c
1.64236  b2  6a
1.64266  00  5a
1.64293  00  00
1.64320  00  25

1.68883  90  00
1.68912  00  00
1.68939  00  80
1.68970  0a  00
1.68997  00  aa
1.69023  b0  00
1.69056  00  16
1.69083  00  16
1.69111  a0  50
1.69140  00  00
1.69168  e4  c8
1.69199  00  9c
1.69226  b2  6a
1.69255  00  5a
1.69282  00  00
1.69309  00  25

1.73870  90  00
1.73899  00  00
1.73926  00  80
1.73957  0a  00
1.73986  00  aa
1.74013  b0  00
1.74044  00  16
1.74071  00  16
1.74098  a0  50
1.74126  00  00
1.74154  e4  c8
1.74186  00  9c
1.74213  b2  6a
1.74242  00  5a
1.74269  00  00
1.74296  00  25

1.78856  90  00
1.78885  00  00
1.78913  00  80
1.78944  0a  00
1.78971  00  aa
1.78998  b0  00
1.79028  00  16
1.79055  00  16
1.79082  a0  50
1.79111  00  00
1.79139  e4  c8
1.79170  00  9c
1.79197  b2  6a
1.79228  00  5a
1.79255  00  00
1.79282  00  25

1.83843  90  00
1.83872  00  00
1.83902  00  80
1.83933  0a  00
1.83959  00  aa
1.83986  b0  00
1.84016  00  16
1.84043  00  16
1.84070  a0  50
1.84098  00  00
1.84126  e4  c8
1.84158  00  9c
1.84185  b2  6a
1.84215  00  5a
1.84242  00  00
1.84269  00  25

1.88833  90  00
1.88862  00  00
1.88889  00  80
1.88920  0a  00
1.88947  00  aa
1.88973  b0  00
1.89004  00  16
1.89030  00  16
1.89059  a0  50
1.89088  00  00
1.89116  e4  c8
1.89147  00  9c
1.89174  b2  6a
1.89205  00  5a
1.89233  00  00
1.89260  00  25

1.93821  90  00
1.93849  00  00
1.93876  00  80
1.93907  0a  00
1.93934  00  aa
1.93961  b0  00
1.93990  00  16
1.94016  00  16
1.94043  a0  50
1.94072  00  00
1.94100  e4  c8
1.94132  00  9c
1.94159  b2  6a
1.94190  00  5a
1.94217  00  00
1.94245  00  25

1.98805  90  00
1.98834  00  00
1.98862  00  80
1.98891  0a  00
1.98918  00  aa
1.98945  b0  00
1.98974  00  16
1.99000  00  16
1.99027  a0  50
1.99056  00  00
1.99083  e4  c8
1.99114  00  9c
1.99141  b2  6a
1.99224  00  5a
1.99255  00  00
1.99282  00  25

2.03792  90  00
2.03821  00  00
2.03848  00  80
2.03878  0a  00
2.03905  00  aa
2.03931  b0  00
2.03960  00  16
2.03986  00  16
2.04013  a0  50
2.04042  00  00
2.04069  e4  c8
2.04100  00  9c
2.04127  b2  6a
2.04157  00  5a
2.04184  00  00
2.04211  00  25

2.08780  90  00
2.08809  00  00
2.08836  00  80
2.08866  0a  00
2.08893  00  aa
2.08919  b0  00
2.08948  00  16
2.08975  00  16
2.09002  a0  50
2.09031  00  00
2.09057  e4  c8
2.09089  00  9c
2.09116  b2  6a
2.09146  00  5a
2.09173  00  00
2.09200  00  25

2.13767  90  00
2.13796  00  00
2.13823  00  80
2.13853  0a  00
2.13880  00  aa
2.13906  b0  00
2.13936  00  16
2.13962  00  16
2.13989  a0  50
2.14018  00  00
2.14045  e4  c8
2.14076  00  9c
2.14103  b2  6a
2.14133  00  5a
2.14160  00  00
2.14187  00  25

2.18754  90  00
2.18783  00  00
2.18811  00  80
2.18840  0a  00
2.18867  00  aa
2.18893  b0  00
2.18923  00  16
2.18950  00  16
2.18976  a0  50
2.19005  00  00
2.19032  e4  c8
2.19063  00  9c
2.19090  b2  6a
2.19120  00  5a
2.19147  00  00
2.19173  00  25

2.23742  90  00
2.23770  00  00
2.23798  00  80
2.23828  0a  00
2.23854  00  aa
2.23881  b0  00
2.23910  00  16
2.23936  00  16
2.23963  a0  50
2.23992  00  00
2.24019  e4  c8
2.24051  00  9c
2.24078  b2  6a
2.24108  00  5a
2.24135  00  00
2.24162  00  25

2.28729  90  00
2.28757  00  00
2.28785  00  80
2.28814  0a  00
2.28841  00  aa
2.28867  b0  00
2.28897  00  16
2.28924  00  16
2.28951  a0  50
2.28980  00  00
2.29007  e4  c8
2.29038  00  9c
2.29065  b2  6a
2.29095  00  5a
2.29121  00  00
2.29148  00  25

2.33716  90  00
2.33745  00  00
2.33773  00  80
2.33802  0a  00
2.33829  00  aa
2.33855  b0  00
2.33884  00  16
2.33911  00  16
2.33938  a0  50
2.33967  00  00
2.33994  e4  c8
2.34025  00  9c
2.34052  b2  6a
2.34082  00  5a
2.34108  00  00
2.34135  00  25

2.38703  90  00
2.38732  00  00
2.38759  00  80
2.38789  0a  00
2.38816  00  aa
2.38842  b0  00
2.38871  00  16
2.38898  00  16
2.38925  a0  50
2.38954  00  00
2.38981  e4  c8
2.39012  00  9c
2.39039  b2  6a
2.39070  00  5a
2.39097  00  00
2.39123  00  25

2.43691  90  00
2.43719  00  00
2.43747  00  80
2.43777  0a  00
2.43803  00  aa
2.43830  b0  00
2.43859  00  16
2.43885  00  16
2.43912  a0  50
2.43941  00  00
2.43968  e4  c8
2.43998  00  9c
2.44025  b2  6a
2.44055  00  5a
2.44081  00  00
2.44108  00  25

2.48678  90  00
2.48706  00  00
2.48734  00  80
2.48763  0a  00
2.48791  00  aa
2.48817  b0  00
2.48847  00  16
2.48873  00  16
2.48900  a0  50
2.48929  00  00
2.48956  e4  c8
2.48987  00  9c
2.49014  b2  6a
2.49043  00  5a
2.49070  00  00
2.49097  00  25

2.53665  90  00
2.53694  00  00
2.53722  00  80
2.53751  0a  00
2.53778  00  aa
2.53805  b0  00
2.53833  00  16
2.53860  00  16
2.53887  a0  50
2.53916  00  00
2.53943  e4  c8
2.53974  00  9c
2.54001  b2  6a
2.54031  00  5a
2.54057  00  00
2.54084  00  25

2.58653  90  00
2.58681  00  00
2.58708  00  80
2.58738  0a  00
2.58765  00  aa
2.58792  b0  00
2.58821  00  16
2.58848  00  16
2.58875  a0  50
2.58904  00  00
2.58930  e4  c8
2.58962  00  9c
2.58989  b2  6a
2.59019  00  5a
2.59046  00  00
2.59073  00  25

2.63640  90  00
2.63668  00  00
2.63696  00  80
2.63725  0a  00
2.63752  00  aa
2.63779  b0  00
2.63807  00  16
2.63834  00  16
2.63861  a0  50
2.63890  00  00
2.63917  e4  c8
2.63948  00  9c
2.63975  b2  6a
2.64005  00  5a
2.64032  00  00
2.64059  00  25

2.68626  90  00
2.68655  00  00
2.68682  00  80
2.68712  0a  00
2.68739  00  aa
2.68766  b0  00
2.68795  00  16
2.68822  00  16
2.68849  a0  50
2.68878  00  00
2.68908  e4  c8
2.68939  00  9c
2.68966  b2  6a
2.68996  00  5a
2.69023  00  00
2.69050  00  25
2.69088  c0  00
2.69117  00  00
2.69144  00  00
2.69171  90  00
2.69203  00  00
2.69231  00  80
2.69258  07  00
2.69305  0e  07
2.69333  0f  0e

2.69519  90  0f
2.69547  00  00
2.69575  00  80
