# time   MOSI  MISO
0.00015  00  00
0.00137  0a  00
0.00163  00  aa
0.00190  0a  00
0.00217  00  aa
0.00244  80  00
0.00273  0a  81
0.00301  99  87
0.00330  01  00
0.00357  00  c8
0.00385  00  00
0.00412  00  c8
0.00440  00  00
0.00467  00  00
0.00494  b0  00
0.00524  00  16
0.00550  00  16
0.00577  a0  50
0.00606  00  00
0.00633  e4  c8
0.00665  00  9c
0.00692  00  6a
0.00730  50  00
0.00758  2f  50
0.00786  90  50
0.00815  00  40
0.00842  00  a4
0.00869  0c  00

0.04953  90  0c
0.04981  00  40
0.05009  00  a4
0.05038  0a  00
0.05065  00  aa
0.05091  b0  00
0.05120  00  16
0.05147  00  16
0.05174  a0  50
0.05202  00  00
0.05229  e4  c8
0.05262  00  9c
0.05289  b2  6a
0.05319  00  5a
0.05346  00  01
0.05373  00  35

0.09939  90  00
0.09968  00  40
0.09995  00  84
0.10035  0a  00
0.10062  00  aa
0.10089  b0  00
0.10118  00  16
0.10145  00  16
0.10176  a0  50
0.10205  00  00
0.10232  e4  c8
0.10264  00  9c
0.10293  b2  6a
0.10322  00  5a
0.10349  00  01
0.10376  00  35

0.14926  90  00
0.14956  00  40
0.14984  00  84
0.15014  0a  00
0.15040  00  aa
0.15067  b0  00
0.15096  00  16
0.15126  00  16
0.15153  a0  50
0.15182  00  00
0.15209  e4  c8
0.15241  00  9c
0.15268  b2  6a
0.15298  00  5a
0.15325  00  01
0.15352  00  35

0.19914  90  00
0.19943  00  40
0.19970  00  84
0.20000  0a  00
0.20027  00  aa
0.20054  b0  00
0.20084  00  16
0.20111  00  16
0.20138  a0  50
0.20167  00  00
0.20195  e4  c8
0.20227  00  9c
0.20254  b2  6a
0.20284  00  5a
0.20311  00  02
0.20338  00  46

0.24902  90  00
0.24930  00  40
0.24958  00  84
0.24988  0a  00
0.25016  00  aa
0.25043  b0  00
0.25072  00  16
0.25098  00  16
0.25126  a0  50
0.25155  00  00
0.25182  e4  c8
0.25213  00  9c
0.25240  b2  6a
0.25270  00  5a
0.25297  00  02
0.25324  00  46

0.29889  90  00
0.29918  00  40
0.29945  00  a4
0.29985  0a  00
0.30013  00  aa
0.30039  b0  00
0.30070  00  16
0.30096  00  16
0.30123  a0  50
0.30152  00  00
0.30179  e4  c8
0.30211  00  9c
0.30238  b2  6a
0.30267  00  5a
0.30294  00  02
0.30322  00  46

0.34877  90  00
0.34910  00  40
0.34941  00  84
0.34980  0a  00
0.35012  00  aa
0.35043  b0  00
0.35078  00  16
0.35105  00  16
0.35132  a0  50
0.35166  00  00
0.35195  e4  c8
0.35231  00  9c
0.35259  b2  6a
0.35293  00  5a
0.35322  00  02
0.35349  00  46

0.39864  90  00
0.39897  00  40
0.39926  00  84
0.39955  0a  00
0.39987  00  aa
0.40015  b0  00
0.40049  00  16
0.40078  00  16
0.40105  a0  50
0.40141  00  00
0.40168  e4  c8
0.40204  00  9c
0.40231  b2  6a
0.40266  00  5a
0.40295  00  02
0.40322  00  46

0.44852  90  00
0.44881  00  00
0.44908  00  80
0.44948  0a  00
0.44974  00  aa
0.45001  b0  00
0.45030  00  16
0.45057  00  16
0.45084  a0  50
0.45113  00  00
0.45140  e4  c8
0.45171  00  9c
0.45199  b2  6a
0.45228  00  5a
0.45254  00  02
0.45282  00  46

0.49840  90  00
0.49868  00  00
0.49896  00  80
0.49926  0a  00
0.49952  00  aa
0.49979  b0  00
0.50008  00  16
0.50034  00  16
0.50062  a0  50
0.50090  00  00
0.50117  e4  c8
0.50149  00  9c
0.50176  b2  6a
0.50205  00  5a
0.50232  00  02
0.50259  00  46

0.54827  90  00
0.54856  00  00
0.54884  00  80
0.54913  0a  00
0.54940  00  aa
0.54966  b0  00
0.54996  00  16
0.55022  00  16
0.55049  a0  50
0.55077  00  00
0.55104  e4  c8
0.55136  00  9c
0.55163  b2  6a
0.55193  00  5a
0.55219  00  02
0.55246  00  46

0.59815  90  00
0.59844  00  00
0.59871  00  80
0.59901  0a  00
0.59928  00  aa
0.59954  b0  00
0.59983  00  16
0.60010  00  16
0.60037  a0  50
0.60066  00  00
0.60093  e4  c8
0.60124  00  9c
0.60151  b2  6a
0.60181  00  5a
0.60207  00  02
0.60234  00  46

0.64802  90  00
0.64831  00  00
0.64859  00  80
0.64888  0a  00
0.64915  00  aa
0.64942  b0  00
0.64971  00  16
0.64997  00  16
0.65024  a0  50
0.65053  00  00
0.65080  e4  c8
0.65112  00  9c
0.65138  b2  6a
0.65168  00  5a
0.65194  00  02
0.65222  00  46

0.69790  90  00
0.69819  00  00
0.69846  00  80
0.69876  0a  00
0.69903  00  aa
0.69930  b0  00
0.69959  00  16
0.69985  00  16
0.70012  a0  50
0.70041  00  00
0.70068  e4  c8
0.70099  00  9c
0.70126  b2  6a
0.70156  00  5a
0.70183  00  02
0.70210  00  46

0.74777  90  00
0.74806  00  00
0.74833  00  80
0.74863  0a  00
0.74889  00  aa
0.74916  b0  00
0.74945  00  16
0.74972  00  16
0.74999  a0  50
0.75027  00  00
0.75054  e4  c8
0.75086  00  9c
0.75113  b2  6a
0.75143  00  5a
0.75169  00  02
0.75196  00  46

0.79765  90  00
0.79794  00  00
0.79821  00  80
0.79851  0a  00
0.79878  00  aa
0.79905  b0  00
0.79934  00  16
0.79961  00  16
0.79988  a0  50
0.80017  00  00
0.80043  e4  c8
0.80075  00  9c
0.80101  b2  6a
0.80131  00  5a
0.80157  00  02
0.80184  00  46

0.84753  90  00
0.84781  00  00
0.84809  00  80
0.84839  0a  00
0.84866  00  aa
0.84893  b0  00
0.84922  00  16
0.84948  00  16
0.84975  a0  50
0.85004  00  00
0.85031  e4  c8
0.85062  00  9c
0.85089  b2  6a
0.85119  00  5a
0.85145  00  02
0.85171  00  46

0.89740  90  00
0.89769  00  00
0.89797  00  80
0.89826  0a  00
0.89854  00  aa
0.89880  b0  00
0.89909  00  16
0.89937  00  16
0.89964  a0  50
0.89992  00  00
0.90020  e4  c8
0.90051  00  9c
0.90078  b2  6a
0.90108  00  5a
0.90135  00  02
0.90162  00  46

0.94728  90  00
0.94756  00  00
0.94784  00  80
0.94814  0a  00
0.94840  00  aa
0.94867  b0  00
0.94896  00  16
0.94923  00  16
0.94950  a0  50
0.94978  00  00
0.95005  e4  c8
0.95036  00  9c
0.95063  b2  6a
0.95093  00  5a
0.95120  00  02
0.95147  00  46

0.99715  90  00
0.99744  00  00
0.99772  00  80
0.99801  0a  00
0.99829  00  aa
0.99855  b0  00
0.99884  00  16
0.99911  00  16
0.99937  a0  50
0.99966  00  00
0.99993  e4  c8
1.00025  00  9c
1.00051  b2  6a
1.00081  00  5a
1.00107  00  02
1.00134  00  46

1.04703  90  00
1.04731  00  00
1.04758  00  80
1.04788  0a  00
1.04815  00  aa
1.04842  b0  00
1.04871  00  16
1.04898  00  16
1.04925  a0  50
1.04953  00  00
1.04980  e4  c8
1.05012  00  9c
1.05039  b2  6a
1.05068  00  5a
1.05095  00  02
1.05122  00  46

1.09690  90  00
1.09719  00  00
1.09747  00  80
1.09776  0a  00
1.09803  00  aa
1.09830  b0  00
1.09859  00  16
1.09885  00  16
1.09912  a0  50
1.09941  00  00
1.09968  e4  c8
1.10000  00  9c
1.10027  b2  6a
1.10056  00  5a
1.10083  00  02
1.10110  00  46

1.14678  90  00
1.14706  00  00
1.14734  00  80
1.14763  0a  00
1.14790  00  aa
1.14817  b0  00
1.14846  00  16
1.14873  00  16
1.14900  a0  50
1.14929  00  00
1.14956  e4  c8
1.14987  00  9c
1.15014  b2  6a
1.15043  00  5a
1.15070  00  02
1.15097  00  46

1.19666  90  00
1.19694  00  00
1.19722  00  80
1.19752  0a  00
1.19779  00  aa
1.19805  b0  00
1.19834  00  16
1.19861  00  16
1.19888  a0  50
1.19916  00  00
1.19943  e4  c8
1.19975  00  9c
1.20002  b2  6a
1.20032  00  5a
1.20059  00  02
1.20086  00  46

1.24653  90  00
1.24681  00  00
1.24709  00  80
1.24738  0a  00
1.24766  00  aa
1.24792  b0  00
1.24821  00  16
1.24848  00  16
1.24875  a0  50
1.24904  00  00
1.24931  e4  c8
1.24962  00  9c
1.24989  b2  6a
1.25019  00  5a
1.25046  00  02
1.25073  00  46

1.29641  90  00
1.29669  00  00
1.29697  00  80
1.29727  0a  00
1.29753  00  aa
1.29780  b0  00
1.29809  00  16
1.29835  00  16
1.29862  a0  50
1.29891  00  00
1.29918  e4  c8
1.29950  00  9c
1.29977  b2  6a
1.30006  00  5a
1.30033  00  02
1.30060  00  46

1.34628  90  00
1.34657  00  00
1.34685  00  80
1.34714  0a  00
1.34741  00  aa
1.34767  b0  00
1.34797  00  16
1.34823  00  16
1.34850  a0  50
1.34879  00  00
1.34906  e4  c8
1.34937  00  9c
1.34964  b2  6a
1.34994  00  5a
1.35020  00  02
1.35047  00  46

1.39616  90  00
1.39644  00  00
1.39672  00  80
1.39702  0a  00
1.39729  00  aa
1.39755  b0  00
1.39784  00  16
1.39811  00  16
1.39838  a0  50
1.39867  00  00
1.39894  e4  c8
1.39925  00  9c
1.39952  b2  6a
1.39981  00  5a
1.40008  00  02
1.40035  00  46

1.44603  90  00
1.44632  00  00
1.44660  00  80
1.44689  0a  00
1.44717  00  aa
1.44743  b0  00
1.44772  00  16
1.44799  00  16
1.44826  a0  50
1.44855  00  00
1.44881  e4  c8
1.44913  00  9c
1.44940  b2  6a
1.44969  00  5a
1.44996  00  02
1.45023  00  46

1.49591  90  00
1.49619  00  00
1.49646  00  80
1.49676  0a  00
1.49703  00  aa
1.49729  b0  00
1.49758  00  16
1.49785  00  16
1.49812  a0  50
1.49841  00  00
1.49868  e4  c8
1.49899  00  9c
1.49926  b2  6a
1.49956  00  5a
1.49983  00  02
1.50010  00  46

1.54578  90  00
1.54607  00  00
1.54635  00  80
1.54664  0a  00
1.54691  00  aa
1.54718  b0  00
1.54747  00  16
1.54773  00  16
1.54800  a0  50
1.54829  00  00
1.54856  e4  c8
1.54888  00  9c
1.54915  b2  6a
1.54944  00  5a
1.54971  00  02
1.54998  00  46

1.59566  90  00
1.59594  00  00
1.59622  00  80
1.59651  0a  00
1.59678  00  aa
1.59704  b0  00
1.59734  00  16
1.59761  00  16
1.59788  a0  50
1.59816  00  00
1.59843  e4  c8
1.59874  00  9c
1.59901  b2  6a
1.59931  00  5a
1.59958  00  02
1.59985  00  46

1.64554  90  00
1.64582  00  00
1.64610  00  80
1.64640  0a  00
1.64666  00  aa
1.64693  b0  00
1.64722  00  16
1.64748  00  16
1.64775  a0  50
1.64804  00  00
1.64831  e4  c8
1.64863  00  9c
1.64890  b2  6a
1.64919  00  5a
1.64946  00  02
1.64973  00  46

1.69541  90  00
1.69569  00  00
1.69597  00  80
1.69626  0a  00
1.69653  00  aa
1.69679  b0  00
1.69709  00  16
1.69736  00  16
1.69763  a0  50
1.69791  00  00
1.69818  e4  c8
1.69849  00  9c
1.69876  b2  6a
1.69907  00  5a
1.69934  00  02
1.69960  00  46

1.74529  90  00
1.74557  00  00
1.74585  00  80
1.74615  0a  00
1.74641  00  aa
1.74668  b0  00
1.74697  00  16
1.74723  00  16
1.74751  a0  50
1.74779  00  00
1.74806  e4  c8
1.74838  00  9c
1.74865  b2  6a
1.74894  00  5a
1.74921  00  02
1.74948  00  46

1.79516  90  00
1.79544  00  00
1.79572  00  80
1.79601  0a  00
1.79628  00  aa
1.79655  b0  00
1.79684  00  16
1.79711  00  16
1.79738  a0  50
1.79766  00  00
1.79793  e4  c8
1.79825  00  9c
1.79852  b2  6a
1.79882  00  5a
1.79908  00  02
1.79935  00  46

1.84504  90  00
1.84533  00  00
1.84560  00  80
1.84590  0a  00
1.84617  00  aa
1.84643  b0  00
1.84672  00  16
1.84699  00  16
1.84725  a0  50
1.84754  00  00
1.84781  e4  c8
1.84812  00  9c
1.84839  b2  6a
1.84869  00  5a
1.84896  00  02
1.84923  00  46

1.89491  90  00
1.89520  00  00
1.89548  00  80
1.89577  0a  00
1.89605  00  aa
1.89631  b0  00
1.89661  00  16
1.89687  00  16
1.89714  a0  50
1.89742  00  00
1.89769  e4  c8
1.89801  00  9c
1.89828  b2  6a
1.89857  00  5a
1.89884  00  02
1.89911  00  46

1.94479  90  00
1.94508  00  00
1.94535  00  80
1.94565  0a  00
1.94592  00  aa
1.94619  b0  00
1.94648  00  16
1.94674  00  16
1.94701  a0  50
1.94730  00  00
1.94758  e4  c8
1.94789  00  9c
1.94816  b2  6a
1.94846  00  5a
1.94873  00  02
1.94900  00  46

1.99470  90  00
1.99498  00  00
1.99526  00  80
1.99556  0a  00
1.99582  00  aa
1.99609  b0  00
1.99637  00  16
1.99664  00  16
1.99691  a0  50
1.99720  00  00
1.99750  e4  c8
1.99781  00  9c
1.99808  b2  6a
1.99838  00  5a
1.99865  00  02
1.99892  00  46
1.99929  c0  00
1.99957  00  07
1.99984  00  aa
2.00011  90  00
2.00039  00  00
2.00067  00  80
2.00094  07  00
2.00131  0e  07
2.00160  0f  0e

2.00363  90  0f
2.00391  00  00
2.00418  00  80
