# time   MOSI  MISO
0.00015  00  00
0.00127  0a  00
0.00159  00  aa
0.00185  0a  00
0.00212  00  aa
0.00239  80  00
0.00272  0a  81
0.00301  99  87
0.00334  01  00
0.00364  00  c8
0.00391  00  00
0.00423  00  c8
0.00453  00  00
0.00480  00  00
0.00512  b0  00
0.00545  00  16
0.00577  00  16
0.00605  a0  50
0.00634  00  00
0.00666  e4  c8
0.00704  00  9c
0.00733  00  6a
0.00772  50  00
0.00800  2c  50
0.00833  90  50
0.00862  00  00
0.00895  00  00
0.00924  0c  00

0.04920  f0  0c
0.04953  b0  11
0.04982  00  16
0.05014  00  16
0.05042  00  50
0.05072  c0  00
0.05106  00  00
0.05133  00  00

0.14079  e0  00
0.14110  00  c2
0.14137  ea  51
0.14169  00  9c
0.14196  00  46
0.14223  00  00
0.14250  00  00
0.14277  00  00
0.14305  e8  00
0.14337  00  22
0.14364  00  16
0.14391  00  00
0.14418  00  00
0.14445  00  00
0.14473  00  00
0.14500  f8  00
0.14528  fc  b3
0.14558  fa  be
0.14588  fe  ba
0.14618  00  c5
0.14657  90  00
0.14686  00  00
0.14713  00  00
0.14742  0a  00
0.14768  00  aa
0.14795  b0  00
0.14824  00  16
0.14864  00  16
0.14891  a0  50
0.14920  00  00
0.14947  e4  c8
0.14978  00  9c
0.15005  b2  6a
0.15034  00  5a
0.15061  00  02
0.15088  00  46

0.19967  f0  00
0.19996  b0  11
0.20025  00  16
0.20051  00  16
0.20078  00  50
0.20108  c0  00
0.20138  00  00
0.20165  00  00

0.29133  e0  00
0.29164  00  c2
0.29191  ea  51
0.29223  00  9c
0.29250  00  46
0.29277  00  00
0.29304  00  00
0.29331  00  00
0.29359  e8  00
0.29391  00  22
0.29418  00  16
0.29445  00  00
0.29472  00  00
0.29499  00  00
0.29526  00  00
0.29552  f8  00
0.29581  fc  b3
0.29611  fa  be
0.29640  fe  ba
0.29671  00  c5
0.29708  90  00
0.29736  00  00
0.29763  00  00
0.29791  0a  00
0.29828  00  aa
0.29854  b0  00
0.29884  00  16
0.29910  00  16
0.29937  a0  50
0.29966  00  00
0.29993  e4  c8
0.30024  00  9c
0.30051  b2  6a
0.30081  00  5a
0.30107  00  02
0.30134  00  46

0.34929  f0  00
0.34958  b0  11
0.34987  00  16
0.35013  00  16
0.35040  00  50
0.35070  c0  00
0.35100  00  00
0.35126  00  00

0.44095  e0  00
0.44125  00  c2
0.44152  ea  51
0.44185  00  9c
0.44212  00  46
0.44239  00  00
0.44267  00  00
0.44294  00  00
0.44322  e8  00
0.44354  00  22
0.44381  00  16
0.44408  00  00
0.44435  00  00
0.44462  00  00
0.44490  00  00
0.44516  f8  00
0.44545  fc  b3
0.44576  fa  be
0.44605  fe  ba
0.44635  00  c5
0.44672  90  00
0.44701  00  00
0.44728  00  00
0.44756  0a  00
0.44793  00  aa
0.44819  b0  00
0.44849  00  16
0.44876  00  16
0.44903  a0  50
0.44932  00  00
0.44959  e4  c8
0.44990  00  9c
0.45017  b2  6a
0.45047  00  5a
0.45075  00  02
0.45102  00  46

0.49891  f0  00
0.49920  b0  11
0.49949  00  16
0.49976  00  16
0.50003  00  50
0.50033  c0  00
0.50062  00  00
0.50088  00  00

0.59055  e0  00
0.59086  00  c2
0.59113  ea  51
0.59146  00  9c
0.59173  00  46
0.59200  00  00
0.59229  00  00
0.59256  00  00
0.59284  e8  00
0.59316  00  22
0.59342  00  16
0.59369  00  00
0.59396  00  00
0.59423  00  00
0.59451  00  00
0.59477  f8  00
0.59506  fc  b3
0.59536  fa  be
0.59565  fe  ba
0.59595  00  c5
0.59632  90  00
0.59661  00  00
0.59689  00  00
0.59716  0a  00
0.59753  00  aa
0.59780  b0  00
0.59808  00  16
0.59837  00  16
0.59864  a0  50
0.59893  00  00
0.59920  e4  c8
0.59951  00  9c
0.59978  b2  6a
0.60008  00  5a
0.60037  00  02
0.60064  00  46

0.64853  f0  00
0.64881  b0  11
0.64910  00  16
0.64937  00  16
0.64964  00  50
0.64994  c0  00
0.65024  00  00
0.65051  00  00

0.74215  e0  00
0.74246  00  c2
0.74273  ea  51
0.74306  00  9c
0.74333  00  46
0.74360  00  00
0.74387  00  00
0.74414  00  00
0.74442  e8  00
0.74474  00  22
0.74501  00  16
0.74528  00  00
0.74555  00  00
0.74582  00  00
0.74609  00  00
0.74636  f8  00
0.74664  fc  b3
0.74702  fa  be
0.74731  fe  ba
0.74761  00  c5
0.74801  90  00
0.74829  00  00
0.74857  00  00
0.74884  0a  00
0.74911  00  aa
0.74938  b0  00
0.74967  00  16
0.74994  00  16
0.75021  a0  50
0.75050  00  00
0.75077  e4  c8
0.75108  00  9c
0.75135  b2  6a
0.75165  00  5a
0.75192  00  02
0.75219  00  46

0.79815  f0  00
0.79844  b0  11
0.79873  00  16
0.79900  00  16
0.79927  00  50
0.79956  c0  00
0.79986  00  00
0.80013  00  00

0.89555  e0  00
0.89586  00  c2
0.89613  ea  51
0.89645  00  9c
0.89682  00  46
0.89709  00  00
0.89736  00  00
0.89763  00  00
0.89790  e8  00
0.89822  00  22
0.89851  00  16
0.89878  00  00
0.89905  00  00
0.89932  00  00
0.89961  00  00
0.89988  f8  00
0.90017  fc  b3
0.90046  fa  be
0.90076  fe  ba
0.90106  00  c5
0.90143  90  00
0.90171  00  00
0.90199  00  00
0.90226  0a  00
0.90253  00  aa
0.90280  b0  00
0.90309  00  16
0.90336  00  16
0.90363  a0  50
0.90392  00  00
0.90419  e4  c8
0.90450  00  9c
0.90477  b2  6a
0.90507  00  5a
0.90534  00  02
0.90561  00  46

0.94777  f0  00
0.94806  b0  11
0.94835  00  16
0.94862  00  16
0.94889  00  50
0.94919  c0  00
0.94949  00  00
0.94976  00  00

1.04015  e0  00
1.04046  00  c2
1.04073  ea  51
1.04105  00  9c
1.04132  00  46
1.04159  00  00
1.04186  00  00
1.04215  00  00
1.04243  e8  00
1.04275  00  22
1.04302  00  16
1.04328  00  00
1.04355  00  00
1.04382  00  00
1.04410  00  00
1.04439  f8  00
1.04467  fc  b3
1.04497  fa  be
1.04526  fe  ba
1.04556  00  c5
1.04593  90  00
1.04636  00  00
1.04663  00  00
1.04691  0a  00
1.04718  00  aa
1.04744  b0  00
1.04773  00  16
1.04799  00  16
1.04826  a0  50
1.04855  00  00
1.04882  e4  c8
1.04913  00  9c
1.04940  b2  6a
1.04970  00  5a
1.04997  00  02
1.05024  00  46

1.09733  f0  00
1.09762  b0  11
1.09791  00  16
1.09817  00  16
1.09844  00  50
1.09874  c0  00
1.09903  00  00
1.09929  00  00

1.18279  e0  00
1.18311  00  c2
1.18338  ea  51
1.18370  00  9c
1.18397  00  46
1.18424  00  00
1.18451  00  00
1.18478  00  00
1.18506  e8  00
1.18538  00  22
1.18565  00  16
1.18593  00  00
1.18620  00  00
1.18647  00  00
1.18674  00  00
1.18703  f8  00
1.18732  fc  b3
1.18761  fa  be
1.18791  fe  ba
1.18821  00  c5
1.18858  90  00
1.18888  00  00
1.18916  00  00
1.18943  0a  00
1.18970  00  aa
1.18998  b0  00
1.19027  00  16
1.19054  00  16
1.19081  a0  50
1.19110  00  00
1.19137  e4  c8
1.19168  00  9c
1.19195  b2  6a
1.19224  00  5a
1.19251  00  02
1.19278  00  46

1.19714  f0  00
1.19742  b0  11
1.19771  00  16
1.19798  00  16
1.19825  00  50
1.19855  c0  00
1.19885  00  00
1.19912  00  00

1.28019  e0  00
1.28050  00  c2
1.28076  ea  51
1.28109  00  9c
1.28136  00  46
1.28164  00  00
1.28191  00  00
1.28218  00  00
1.28246  e8  00
1.28278  00  22
1.28305  00  16
1.28332  00  00
1.28359  00  00
1.28386  00  00
1.28414  00  00
1.28441  f8  00
1.28469  fc  b3
1.28499  fa  be
1.28528  fe  ba
1.28558  00  c5
1.28595  90  00
1.28623  00  00
1.28653  00  00
1.28680  0a  00
1.28707  00  aa
1.28733  b0  00
1.28763  00  16
1.28790  00  16
1.28817  a0  50
1.28846  00  00
1.28872  e4  c8
1.28904  00  9c
1.28931  b2  6a
1.28963  00  5a
1.28990  00  02
1.29017  00  46

1.29689  f0  00
1.29717  b0  11
1.29746  00  16
1.29773  00  16
1.29800  00  50
1.29829  c0  00
1.29860  00  00
1.29887  00  00

1.38254  e0  00
1.38285  00  c2
1.38312  ea  51
1.38345  00  9c
1.38371  00  46
1.38398  00  00
1.38425  00  00
1.38453  00  00
1.38480  e8  00
1.38512  00  22
1.38539  00  16
1.38566  00  00
1.38593  00  00
1.38620  00  00
1.38648  00  00
1.38674  f8  00
1.38703  fc  b3
1.38733  fa  be
1.38762  fe  ba
1.38792  00  c5
1.38829  90  00
1.38857  00  00
1.38885  00  00
1.38913  0a  00
1.38940  00  aa
1.38966  b0  00
1.38995  00  16
1.39022  00  16
1.39049  a0  50
1.39078  00  00
1.39105  e4  c8
1.39136  00  9c
1.39163  b2  6a
1.39194  00  5a
1.39220  00  02
1.39247  00  46

1.39664  f0  00
1.39692  b0  11
1.39721  00  16
1.39748  00  16
1.39775  00  50
1.39805  c0  00
1.39835  00  00
1.39862  00  00

1.48104  e0  00
1.48134  00  c2
1.48161  ea  51
1.48193  00  9c
1.48220  00  46
1.48247  00  00
1.48274  00  00
1.48303  00  00
1.48331  e8  00
1.48363  00  22
1.48390  00  16
1.48417  00  00
1.48444  00  00
1.48471  00  00
1.48499  00  00
1.48528  f8  00
1.48556  fc  b3
1.48586  fa  be
1.48615  fe  ba
1.48645  00  c5
1.48682  90  00
1.48712  00  00
1.48740  00  00
1.48768  0a  00
1.48795  00  aa
1.48822  b0  00
1.48851  00  16
1.48878  00  16
1.48905  a0  50
1.48933  00  00
1.48960  e4  c8
1.48992  00  9c
1.49019  b2  6a
1.49049  00  5a
1.49076  00  02
1.49103  00  46

1.49638  f0  00
1.49666  b0  11
1.49696  00  16
1.49723  00  16
1.49750  00  50
1.49780  c0  00
1.49810  00  00
1.49836  00  00

1.57886  e0  00
1.57917  00  c2
1.57944  ea  51
1.57976  00  9c
1.58003  00  46
1.58030  00  00
1.58057  00  00
1.58084  00  00
1.58111  e8  00
1.58143  00  22
1.58170  00  16
1.58197  00  00
1.58224  00  00
1.58251  00  00
1.58279  00  00
1.58305  f8  00
1.58334  fc  b3
1.58364  fa  be
1.58393  fe  ba
1.58423  00  c5
1.58460  90  00
1.58488  00  00
1.58516  00  00
1.58543  0a  00
1.58570  00  aa
1.58597  b0  00
1.58626  00  16
1.58653  00  16
1.58680  a0  50
1.58709  00  00
1.58736  e4  c8
1.58767  00  9c
1.58794  b2  6a
1.58824  00  5a
1.58851  00  02
1.58878  00  46

1.59613  f0  00
1.59642  b0  11
1.59671  00  16
1.59697  00  16
1.59724  00  50
1.59754  c0  00
1.59784  00  00
1.59810  00  00

1.67953  e0  00
1.67984  00  c2
1.68011  ea  51
1.68044  00  9c
1.68070  00  46
1.68097  00  00
1.68124  00  00
1.68152  00  00
1.68180  e8  00
1.68212  00  22
1.68239  00  16
1.68266  00  00
1.68293  00  00
1.68320  00  00
1.68347  00  00
1.68376  f8  00
1.68405  fc  b3
1.68434  fa  be
1.68464  fe  ba
1.68494  00  c5
1.68531  90  00
1.68559  00  00
1.68587  00  00
1.68615  0a  00
1.68641  00  aa
1.68669  b0  00
1.68697  00  16
1.68724  00  16
1.68751  a0  50
1.68780  00  00
1.68807  e4  c8
1.68839  00  9c
1.68865  b2  6a
1.68895  00  5a
1.68922  00  02
1.68951  00  46

1.69588  f0  00
1.69616  b0  11
1.69645  00  16
1.69671  00  16
1.69698  00  50
1.69728  c0  00
1.69759  00  00
1.69785  00  00

1.77634  e0  00
1.77665  00  c2
1.77692  ea  51
1.77725  00  9c
1.77752  00  46
1.77779  00  00
1.77806  00  00
1.77833  00  00
1.77861  e8  00
1.77893  00  22
1.77920  00  16
1.77947  00  00
1.77974  00  00
1.78001  00  00
1.78028  00  00
1.78055  f8  00
1.78084  fc  b3
1.78113  fa  be
1.78143  fe  ba
1.78173  00  c5
1.78210  90  00
1.78238  00  00
1.78265  00  00
1.78293  0a  00
1.78320  00  aa
1.78347  b0  00
1.78376  00  16
1.78403  00  16
1.78430  a0  50
1.78458  00  00
1.78485  e4  c8
1.78516  00  9c
1.78542  b2  6a
1.78573  00  5a
1.78599  00  02
1.78626  00  46

1.79562  f0  00
1.79591  b0  11
1.79620  00  16
1.79647  00  16
1.79674  00  50
1.79704  c0  00
1.79734  00  00
1.79760  00  00

1.87397  e0  00
1.87427  00  c2
1.87454  ea  51
1.87487  00  9c
1.87513  00  46
1.87540  00  00
1.87567  00  00
1.87594  00  00
1.87622  e8  00
1.87654  00  22
1.87681  00  16
1.87708  00  00
1.87735  00  00
1.87762  00  00
1.87789  00  00
1.87818  f8  00
1.87847  fc  b3
1.87876  fa  be
1.87906  fe  ba
1.87936  00  c5
1.87973  90  00
1.88003  00  00
1.88030  00  00
1.88058  0a  00
1.88084  00  aa
1.88112  b0  00
1.88142  00  16
1.88169  00  16
1.88196  a0  50
1.88225  00  00
1.88252  e4  c8
1.88283  00  9c
1.88312  b2  6a
1.88342  00  5a
1.88368  00  02
1.88395  00  46

1.89537  f0  00
1.89565  b0  11
1.89594  00  16
1.89621  00  16
1.89648  00  50
1.89678  c0  00
1.89708  00  00
1.89735  00  00

1.97478  e0  00
1.97509  00  c2
1.97536  ea  51
1.97568  00  9c
1.97595  00  46
1.97622  00  00
1.97649  00  00
1.97678  00  00
1.97705  e8  00
1.97738  00  22
1.97764  00  16
1.97791  00  00
1.97818  00  00
1.97845  00  00
1.97873  00  00
1.97902  f8  00
1.97930  fc  b3
1.97960  fa  be
1.97989  fe  ba
1.98020  00  c5
1.98057  90  00
1.98087  00  00
1.98115  00  00
1.98142  0a  00
1.98170  00  aa
1.98197  b0  00
1.98226  00  16
1.98253  00  16
1.98280  a0  50
1.98309  00  00
1.98336  e4  c8
1.98367  00  9c
1.98394  b2  6a
1.98424  00  5a
1.98451  00  02
1.98478  00  46

1.99516  f0  00
1.99544  b0  11
1.99573  00  16
1.99600  00  16
1.99627  00  50
1.99657  c0  00
1.99688  00  00
1.99715  00  00
1.99767  c0  00
1.99796  00  00
1.99822  00  00
1.99849  90  00
1.99878  00  00
1.99905  00  00
1.99932  07  00
1.99987  0f  07
2.00018  90  0f
2.00047  00  00
2.00074  00  00

2.00308  90  00
2.00336  00  00
2.00364  00  00
