# time   MOSI  MISO
0.00015  00  08
0.00093  0a  00
0.00120  00  aa
0.00149  0a  00
0.00176  00  aa
0.00202  80  00
0.00231  0a  81
0.00259  99  87
0.00287  01  00
0.00314  00  c8
0.00341  00  00
0.00368  00  c8
0.00396  00  00
0.00423  00  00
0.00452  b0  00
0.00481  00  16
0.00508  00  16
0.00535  a0  50
0.00564  00  00
0.00591  e4  c8
0.00622  00  9c
0.00649  00  6a
0.00688  50  00
0.00715  2f  50
0.00744  90  50
0.00772  00  00
0.00799  00  80
0.00826  0c  00

0.01841  90  0c
0.01870  00  00
0.01897  00  80
0.01925  0a  00
0.01952  00  aa
0.01979  b0  00
0.02008  00  16
0.02034  00  16
0.02061  a0  50
0.02090  00  00
0.02116  e4  c8
0.02148  00  9c
0.02175  b2  6a
0.02204  00  5a
0.02231  00  02
0.02258  00  46

0.06520  f0  00
0.06548  b0  11
0.06577  00  16
0.06604  00  16
0.06631  00  50
0.06661  c0  00
0.06689  00  00
0.06718  00  00

0.11431  e0  00
0.11462  00  c2
0.11489  ea  51
0.11521  00  9c
0.11548  00  46
0.11575  00  00
0.11602  00  00
0.11629  00  00
0.11656  e8  00
0.11689  00  22
0.11716  00  16
0.11743  00  00
0.11769  00  00
0.11797  00  00
0.11824  00  00
0.11855  f8  00
0.11884  fc  b3
0.11915  fa  be
0.11944  fe  ba
0.11975  00  c5
0.12018  90  00
0.12046  00  00
0.12074  00  80
0.12100  b0  00
0.12129  7f  16
0.12156  ff  16
0.12183  0a  50
0.12210  00  aa
0.12236  b0  00
0.12265  00  16
0.12292  00  16
0.12319  a0  50
0.12348  00  00
0.12375  e4  c8
0.12406  00  9c
0.12433  b2  6a
0.12463  00  5a
0.12489  00  02
0.12516  00  46

0.12712  f0  00
0.12741  b0  11
0.12769  00  16
0.12796  00  16
0.12823  00  50
0.12853  c0  00
0.12882  00  00
0.12908  00  00

0.17665  e0  00
0.17695  00  c2
0.17722  ea  51
0.17754  00  9c
0.17781  00  46
0.17809  00  00
0.17836  00  00
0.17863  00  00
0.17890  e8  00
0.17922  00  22
0.17949  00  16
0.17976  00  00
0.18004  00  00
0.18031  00  00
0.18058  00  00
0.18089  f8  00
0.18118  fc  b3
0.18147  fa  be
0.18177  fe  ba
0.18207  00  c5
0.18248  90  00
0.18276  00  00
0.18304  00  80
0.18331  b0  00
0.18360  7f  16
0.18388  ff  16
0.18415  0a  50
0.18442  00  aa
0.18469  b0  00
0.18498  00  16
0.18525  00  16
0.18552  a0  50
0.18581  00  00
0.18607  e4  c8
0.18639  00  9c
0.18666  b2  6a
0.18697  00  5a
0.18724  00  02
0.18751  00  46

0.18944  f0  00
0.18973  b0  11
0.19002  00  16
0.19029  00  16
0.19056  00  50
0.19087  c0  00
0.19115  00  00
0.19142  00  00

0.23851  e0  00
0.23881  00  c2
0.23908  ea  51
0.23940  00  9c
0.23967  00  46
0.23995  00  00
0.24022  00  00
0.24049  00  00
0.24076  e8  00
0.24108  00  22
0.24135  00  16
0.24162  00  00
0.24190  00  00
0.24217  00  00
0.24244  00  00
0.24275  f8  00
0.24304  fc  b3
0.24333  fa  be
0.24363  fe  ba
0.24393  00  c5
0.24434  90  00
0.24463  00  00
0.24491  00  80
0.24517  b0  00
0.24546  7f  16
0.24573  ff  16
0.24600  0a  50
0.24627  00  aa
0.24653  b0  00
0.24683  00  16
0.24710  00  16
0.24737  a0  50
0.24766  00  00
0.24804  e4  c8
0.24835  00  9c
0.24862  b2  6a
0.24892  00  5a
0.24919  00  02
0.24946  00  46

0.25138  f0  00
0.25167  b0  11
0.25196  00  16
0.25223  00  16
0.25250  00  50
0.25282  c0  00
0.25311  00  00
0.25337  00  00

0.30059  e0  00
0.30091  00  c2
0.30118  ea  51
0.30150  00  9c
0.30178  00  46
0.30205  00  00
0.30232  00  00
0.30258  00  00
0.30286  e8  00
0.30318  00  22
0.30345  00  16
0.30372  00  00
0.30399  00  00
0.30426  00  00
0.30454  00  00
0.30487  f8  00
0.30516  fc  b3
0.30545  fa  be
0.30575  fe  ba
0.30605  00  c5
0.30646  90  00
0.30674  00  00
0.30702  00  80
0.30729  b0  00
0.30758  7f  16
0.30785  ff  16
0.30812  0a  50
0.30839  00  aa
0.30866  b0  00
0.30896  00  16
0.30922  00  16
0.30949  a0  50
0.30978  00  00
0.31005  e4  c8
0.31037  00  9c
0.31066  b2  6a
0.31097  00  5a
0.31124  00  02
0.31151  00  46

0.31343  f0  00
0.31372  b0  11
0.31400  00  16
0.31427  00  16
0.31455  00  50
0.31485  c0  00
0.31514  00  00
0.31540  00  00

0.36271  e0  00
0.36302  00  c2
0.36329  ea  51
0.36362  00  9c
0.36389  00  46
0.36416  00  00
0.36443  00  00
0.36470  00  00
0.36497  e8  00
0.36529  00  22
0.36557  00  16
0.36584  00  00
0.36611  00  00
0.36638  00  00
0.36665  00  00
0.36696  f8  00
0.36725  fc  b3
0.36754  fa  be
0.36784  fe  ba
0.36814  00  c5
0.36857  90  00
0.36886  00  00
0.36914  00  80
0.36942  b0  00
0.36971  7f  16
0.36998  ff  16
0.37025  0a  50
0.37052  00  aa
0.37078  b0  00
0.37108  00  16
0.37135  00  16
0.37161  a0  50
0.37190  00  00
0.37217  e4  c8
0.37248  00  9c
0.37275  b2  6a
0.37305  00  5a
0.37331  00  02
0.37358  00  46

0.37551  f0  00
0.37579  b0  11
0.37608  00  16
0.37635  00  16
0.37661  00  50
0.37691  c0  00
0.37720  00  00
0.37746  00  00

0.42482  e0  00
0.42513  00  c2
0.42539  ea  51
0.42572  00  9c
0.42599  00  46
0.42627  00  00
0.42654  00  00
0.42681  00  00
0.42708  e8  00
0.42740  00  22
0.42767  00  16
0.42794  00  00
0.42821  00  00
0.42848  00  00
0.42876  00  00
0.42907  f8  00
0.42936  fc  b3
0.42966  fa  be
0.42995  fe  ba
0.43026  00  c5
0.43067  90  00
0.43096  00  00
0.43126  00  80
0.43152  b0  00
0.43181  7f  16
0.43208  ff  16
0.43237  0a  50
0.43264  00  aa
0.43290  b0  00
0.43320  00  16
0.43346  00  16
0.43373  a0  50
0.43402  00  00
0.43429  e4  c8
0.43460  00  9c
0.43487  b2  6a
0.43517  00  5a
0.43543  00  02
0.43570  00  46

0.43763  f0  00
0.43791  b0  11
0.43820  00  16
0.43847  00  16
0.43874  00  50
0.43904  c0  00
0.43934  00  00
0.43961  00  00

0.48697  e0  00
0.48728  00  c2
0.48755  ea  51
0.48788  00  9c
0.48815  00  46
0.48842  00  00
0.48869  00  00
0.48896  00  00
0.48924  e8  00
0.48956  00  22
0.48983  00  16
0.49011  00  00
0.49038  00  00
0.49065  00  00
0.49092  00  00
0.49125  f8  00
0.49154  fc  b3
0.49184  fa  be
0.49213  fe  ba
0.49243  00  c5
0.49285  90  00
0.49314  00  00
0.49341  00  80
0.49368  b0  00
0.49397  7f  16
0.49424  ff  16
0.49451  0a  50
0.49478  00  aa
0.49504  b0  00
0.49534  00  16
0.49561  00  16
0.49588  a0  50
0.49617  00  00
0.49644  e4  c8
0.49675  00  9c
0.49702  b2  6a
0.49740  00  5a
0.49767  00  02
0.49794  00  46

0.49986  f0  00
0.50015  b0  11
0.50043  00  16
0.50070  00  16
0.50097  00  50
0.50130  c0  00
0.50158  00  00
0.50185  00  00

0.54946  e0  00
0.54977  00  c2
0.55006  ea  51
0.55038  00  9c
0.55066  00  46
0.55092  00  00
0.55120  00  00
0.55147  00  00
0.55174  e8  00
0.55206  00  22
0.55233  00  16
0.55260  00  00
0.55287  00  00
0.55314  00  00
0.55342  00  00
0.55373  f8  00
0.55401  fc  b3
0.55431  fa  be
0.55461  fe  ba
0.55491  00  c5
0.55534  90  00
0.55563  00  00
0.55591  00  80
0.55619  b0  00
0.55648  7f  16
0.55675  ff  16
0.55704  0a  50
0.55731  00  aa
0.55757  b0  00
0.55787  00  16
0.55813  00  16
0.55840  a0  50
0.55869  00  00
0.55896  e4  c8
0.55927  00  9c
0.55954  b2  6a
0.55983  00  5a
0.56010  00  02
0.56037  00  46

0.56229  f0  00
0.56258  b0  11
0.56287  00  16
0.56314  00  16
0.56340  00  50
0.56370  c0  00
0.56399  00  00
0.56426  00  00

0.61169  e0  00
0.61200  00  c2
0.61227  ea  51
0.61259  00  9c
0.61286  00  46
0.61314  00  00
0.61341  00  00
0.61367  00  00
0.61395  e8  00
0.61427  00  22
0.61454  00  16
0.61481  00  00
0.61508  00  00
0.61535  00  00
0.61562  00  00
0.61596  f8  00
0.61624  fc  b3
0.61654  fa  be
0.61683  fe  ba
0.61713  00  c5
0.61755  90  00
0.61783  00  00
0.61811  00  80
0.61837  b0  00
0.61867  7f  16
0.61893  ff  16
0.61920  0a  50
0.61947  00  aa
0.61973  b0  00
0.62002  00  16
0.62029  00  16
0.62056  a0  50
0.62085  00  00
0.62112  e4  c8
0.62144  00  9c
0.62171  b2  6a
0.62201  00  5a
0.62228  00  02
0.62255  00  46

0.62447  f0  00
0.62477  b0  11
0.62506  00  16
0.62533  00  16
0.62560  00  50
0.62592  c0  00
0.62621  00  00
0.62648  00  00

0.67354  e0  00
0.67384  00  c2
0.67411  ea  51
0.67444  00  9c
0.67471  00  46
0.67498  00  00
0.67525  00  00
0.67552  00  00
0.67579  e8  00
0.67612  00  22
0.67638  00  16
0.67665  00  00
0.67692  00  00
0.67719  00  00
0.67747  00  00
0.67780  f8  00
0.67809  fc  b3
0.67838  fa  be
0.67868  fe  ba
0.67898  00  c5
0.67939  90  00
0.67968  00  00
0.67996  00  80
0.68022  b0  00
0.68052  7f  16
0.68079  ff  16
0.68106  0a  50
0.68132  00  aa
0.68159  b0  00
0.68188  00  16
0.68215  00  16
0.68241  a0  50
0.68270  00  00
0.68297  e4  c8
0.68328  00  9c
0.68355  b2  6a
0.68385  00  5a
0.68412  00  02
0.68439  00  46

0.68631  f0  00
0.68661  b0  11
0.68690  00  16
0.68716  00  16
0.68744  00  50
0.68776  c0  00
0.68805  00  00
0.68831  00  00

0.71025  90  00
0.71055  00  00
0.71083  00  80
0.71127  90  00
0.71155  00  00
0.71183  00  80
0.71282  13  00
0.71309  25  13

0.75488  90  13
0.75516  00  00
0.75544  00  83
0.75599  07  00

0.75800  07  07
0.75845  90  07
0.75873  00  00
0.75901  00  83

0.83251  13  00
0.83278  80  13

0.87421  90  13
0.87449  00  00
0.87476  00  80

0.88359  0e  00
0.88386  0f  0e

0.88574  f0  0f
0.88603  b0  11
0.88632  00  16
0.88659  00  16
0.88686  00  50
0.88716  c0  00
0.88745  00  00
0.88772  00  00

0.93570  e0  00
0.93601  00  c2
0.93628  ea  51
0.93660  00  9c
0.93687  00  46
0.93714  00  00
0.93741  00  00
0.93768  00  00
0.93796  e8  00
0.93828  00  22
0.93855  00  16
0.93882  00  00
0.93909  00  00
0.93936  00  00
0.93964  00  00
0.93994  f8  00
0.94023  fc  b3
0.94052  fa  be
0.94082  fe  ba
0.94112  00  c5
0.94153  90  00
0.94182  00  00
0.94210  00  80
0.94236  b0  00
0.94265  7f  16
0.94292  ff  16
0.94323  0a  50
0.94351  00  aa
0.94377  b0  00
0.94408  00  16
0.94435  00  16
0.94462  a0  50
0.94491  00  00
0.94518  e4  c8
0.94549  00  9c
0.94576  b2  6a
0.94621  00  5a
0.94647  00  02
0.94674  00  46
0.94766  90  00
0.94798  00  00
0.94825  00  80
0.94853  0a  00
0.94879  00  aa
0.94909  b0  00
0.94938  00  16
0.94965  00  16
0.94992  a0  50
0.95020  00  00
0.95047  e4  c8
0.95079  00  9c
0.95107  b2  6a
0.95137  00  5a
0.95164  00  02
0.95191  00  46

0.99807  f0  00
0.99836  b0  11
0.99865  00  16
0.99895  00  16
0.99922  00  50
0.99952  c0  00
0.99985  00  00
1.00011  00  00

1.01912  c0  00
1.01941  00  00
1.01968  00  00
1.01996  90  00
1.02024  00  00
1.02052  00  80
1.02082  07  00
1.02118  0e  07
1.02145  0f  0e
1.02177  90  0f
1.02205  00  00
1.02233  00  80

1.04604  90  00
1.04633  00  00
1.04660  00  80
1.04690  0a  00
1.04717  00  aa
1.04743  b0  00
1.04772  00  16
1.04799  00  16
1.04825  a0  50
1.04854  00  00
1.04881  e4  c8
1.04912  00  9c
1.04939  b2  6a
1.04970  00  5a
1.04996  00  02
1.05023  00  46

1.09592  90  00
1.09620  00  00
1.09648  00  80
1.09678  0a  00
1.09704  00  aa
1.09731  b0  00
1.09760  00  16
1.09786  00  16
1.09813  a0  50
1.09842  00  00
1.09869  e4  c8
1.09901  00  9c
1.09928  b2  6a
1.09958  00  5a
1.09985  00  02
1.10012  00  46

1.14579  90  00
1.14607  00  00
1.14635  00  80
1.14664  0a  00
1.14691  00  aa
1.14718  b0  00
1.14747  00  16
1.14773  00  16
1.14800  a0  50
1.14828  00  00
1.14855  e4  c8
1.14887  00  9c
1.14914  b2  6a
1.14945  00  5a
1.14972  00  02
1.14999  00  46

1.19567  90  00
1.19595  00  00
1.19623  00  80
1.19652  0a  00
1.19679  00  aa
1.19706  b0  00
1.19735  00  16
1.19761  00  16
1.19788  a0  50
1.19817  00  00
1.19844  e4  c8
1.19876  00  9c
1.19903  b2  6a
1.19933  00  5a
1.19960  00  02
1.19987  00  46

1.24554  90  00
1.24583  00  00
1.24610  00  80
1.24640  0a  00
1.24667  00  aa
1.24694  b0  00
1.24723  00  16
1.24749  00  16
1.24776  a0  50
1.24805  00  00
1.24832  e4  c8
1.24863  00  9c
1.24889  b2  6a
1.24920  00  5a
1.24947  00  02
1.24974  00  46

1.29541  90  00
1.29570  00  00
1.29598  00  80
1.29627  0a  00
1.29655  00  aa
1.29681  b0  00
1.29710  00  16
1.29737  00  16
1.29764  a0  50
1.29793  00  00
1.29819  e4  c8
1.29851  00  9c
1.29878  b2  6a
1.29908  00  5a
1.29934  00  02
1.29961  00  46

1.34529  90  00
1.34558  00  00
1.34585  00  80
1.34615  0a  00
1.34641  00  aa
1.34668  b0  00
1.34697  00  16
1.34723  00  16
1.34751  a0  50
1.34779  00  00
1.34806  e4  c8
1.34838  00  9c
1.34865  b2  6a
1.34895  00  5a
1.34921  00  02
1.34948  00  46

1.39516  90  00
1.39545  00  00
1.39573  00  80
1.39602  0a  00
1.39630  00  aa
1.39656  b0  00
1.39685  00  16
1.39712  00  16
1.39739  a0  50
1.39768  00  00
1.39794  e4  c8
1.39826  00  9c
1.39853  b2  6a
1.39883  00  5a
1.39910  00  02
1.39937  00  46

1.44504  90  00
1.44532  00  00
1.44560  00  80
1.44590  0a  00
1.44617  00  aa
1.44643  b0  00
1.44673  00  16
1.44699  00  16
1.44726  a0  50
1.44755  00  00
1.44782  e4  c8
1.44813  00  9c
1.44840  b2  6a
1.44870  00  5a
1.44897  00  02
1.44924  00  46

1.49491  90  00
1.49519  00  00
1.49547  00  80
1.49576  0a  00
1.49603  00  aa
1.49630  b0  00
1.49659  00  16
1.49685  00  16
1.49712  a0  50
1.49741  00  00
1.49768  e4  c8
1.49800  00  9c
1.49827  b2  6a
1.49857  00  5a
1.49884  00  02
1.49911  00  46

1.54479  90  00
1.54507  00  00
1.54535  00  80
1.54564  0a  00
1.54591  00  aa
1.54618  b0  00
1.54647  00  16
1.54673  00  16
1.54700  a0  50
1.54729  00  00
1.54756  e4  c8
1.54787  00  9c
1.54814  b2  6a
1.54844  00  5a
1.54871  00  02
1.54898  00  46

1.59466  90  00
1.59495  00  00
1.59522  00  80
1.59552  0a  00
1.59579  00  aa
1.59606  b0  00
1.59635  00  16
1.59661  00  16
1.59688  a0  50
1.59717  00  00
1.59744  e4  c8
1.59775  00  9c
1.59802  b2  6a
1.59833  00  5a
1.59859  00  02
1.59886  00  46

1.64453  90  00
1.64482  00  00
1.64510  00  80
1.64539  0a  00
1.64566  00  aa
1.64592  b0  00
1.64621  00  16
1.64648  00  16
1.64675  a0  50
1.64703  00  00
1.64730  e4  c8
1.64762  00  9c
1.64789  b2  6a
1.64819  00  5a
1.64846  00  02
1.64873  00  46

1.69441  90  00
1.69470  00  00
1.69497  00  80
1.69527  0a  00
1.69554  00  aa
1.69580  b0  00
1.69609  00  16
1.69636  00  16
1.69662  a0  50
1.69691  00  00
1.69718  e4  c8
1.69749  00  9c
1.69776  b2  6a
1.69806  00  5a
1.69834  00  02
1.69860  00  46

1.74428  90  00
1.74456  00  00
1.74484  00  80
1.74514  0a  00
1.74540  00  aa
1.74567  b0  00
1.74596  00  16
1.74622  00  16
1.74649  a0  50
1.74678  00  00
1.74705  e4  c8
1.74736  00  9c
1.74763  b2  6a
1.74794  00  5a
1.74821  00  02
1.74848  00  46

1.79416  90  00
1.79445  00  00
1.79472  00  80
1.79502  0a  00
1.79528  00  aa
1.79555  b0  00
1.79584  00  16
1.79610  00  16
1.79637  a0  50
1.79666  00  00
1.79693  e4  c8
1.79725  00  9c
1.79751  b2  6a
1.79782  00  5a
1.79808  00  02
1.79834  00  46

1.84403  90  00
1.84432  00  00
1.84460  00  80
1.84489  0a  00
1.84516  00  aa
1.84542  b0  00
1.84572  00  16
1.84598  00  16
1.84625  a0  50
1.84653  00  00
1.84680  e4  c8
1.84712  00  9c
1.84739  b2  6a
1.84769  00  5a
1.84795  00  02
1.84822  00  46

1.89391  90  00
1.89419  00  00
1.89446  00  80
1.89476  0a  00
1.89503  00  aa
1.89529  b0  00
1.89558  00  16
1.89585  00  16
1.89612  a0  50
1.89641  00  00
1.89668  e4  c8
1.89699  00  9c
1.89726  b2  6a
1.89756  00  5a
1.89783  00  02
1.89810  00  46

1.94378  90  00
1.94407  00  00
1.94434  00  80
1.94464  0a  00
1.94491  00  aa
1.94517  b0  00
1.94546  00  16
1.94573  00  16
1.94600  a0  50
1.94629  00  00
1.94656  e4  c8
1.94687  00  9c
1.94714  b2  6a
1.94744  00  5a
1.94771  00  02
1.94798  00  46

1.99366  90  00
1.99394  00  00
1.99422  00  80
1.99451  0a  00
1.99478  00  aa
1.99505  b0  00
1.99533  00  16
1.99560  00  16
1.99586  a0  50
1.99615  00  00
1.99642  e4  c8
1.99673  00  9c
1.99700  b2  6a
1.99731  00  5a
1.99757  00  02
1.99784  00  46

2.04354  90  00
2.04383  00  00
2.04410  00  80
2.04440  0a  00
2.04466  00  aa
2.04493  b0  00
2.04522  00  16
2.04549  00  16
2.04576  a0  50
2.04605  00  00
2.04632  e4  c8
2.04663  00  9c
2.04690  b2  6a
2.04720  00  5a
2.04747  00  02
2.04774  00  46

2.09340  90  00
2.09369  00  00
2.09397  00  80
2.09426  0a  00
2.09453  00  aa
2.09479  b0  00
2.09509  00  16
2.09535  00  16
2.09562  a0  50
2.09591  00  00
2.09618  e4  c8
2.09649  00  9c
2.09677  b2  6a
2.09706  00  5a
2.09732  00  02
2.09759  00  46

2.14328  90  00
2.14357  00  00
2.14384  00  80
2.14414  0a  00
2.14441  00  aa
2.14468  b0  00
2.14497  00  16
2.14523  00  16
2.14550  a0  50
2.14579  00  00
2.14605  e4  c8
2.14637  00  9c
2.14663  b2  6a
2.14694  00  5a
2.14720  00  02
2.14747  00  46

2.19315  90  00
2.19344  00  00
2.19372  00  80
2.19401  0a  00
2.19429  00  aa
2.19455  b0  00
2.19484  00  16
2.19511  00  16
2.19538  a0  50
2.19567  00  00
2.19594  e4  c8
2.19625  00  9c
2.19652  b2  6a
2.19683  00  5a
2.19710  00  02
2.19736  00  46

2.24303  90  00
2.24331  00  00
2.24359  00  80
2.24389  0a  00
2.24415  00  aa
2.24442  b0  00
2.24471  00  16
2.24497  00  16
2.24524  a0  50
2.24553  00  00
2.24580  e4  c8
2.24612  00  9c
2.24639  b2  6a
2.24668  00  5a
2.24695  00  02
2.24722  00  46

2.29290  90  00
2.29318  00  00
2.29346  00  80
2.29375  0a  00
2.29403  00  aa
2.29429  b0  00
2.29459  00  16
2.29486  00  16
2.29513  a0  50
2.29541  00  00
2.29568  e4  c8
2.29599  00  9c
2.29626  b2  6a
2.29656  00  5a
2.29683  00  02
2.29710  00  46

2.34278  90  00
2.34306  00  00
2.34334  00  80
2.34363  0a  00
2.34390  00  aa
2.34417  b0  00
2.34446  00  16
2.34472  00  16
2.34499  a0  50
2.34528  00  00
2.34555  e4  c8
2.34587  00  9c
2.34614  b2  6a
2.34643  00  5a
2.34670  00  02
2.34697  00  46

2.39265  90  00
2.39294  00  00
2.39321  00  80
2.39351  0a  00
2.39378  00  aa
2.39404  b0  00
2.39433  00  16
2.39460  00  16
2.39487  a0  50
2.39516  00  00
2.39543  e4  c8
2.39574  00  9c
2.39601  b2  6a
2.39631  00  5a
2.39657  00  02
2.39684  00  46

2.44252  90  00
2.44281  00  00
2.44308  00  80
2.44338  0a  00
2.44365  00  aa
2.44392  b0  00
2.44421  00  16
2.44448  00  16
2.44475  a0  50
2.44504  00  00
2.44530  e4  c8
2.44562  00  9c
2.44589  b2  6a
2.44619  00  5a
2.44646  00  02
2.44673  00  46

2.49240  90  00
2.49269  00  00
2.49296  00  80
2.49326  0a  00
2.49353  00  aa
2.49379  b0  00
2.49408  00  16
2.49435  00  16
2.49462  a0  50
2.49490  00  00
2.49517  e4  c8
2.49549  00  9c
2.49575  b2  6a
2.49606  00  5a
2.49632  00  02
2.49658  00  46

2.54227  90  00
2.54256  00  00
2.54284  00  80
2.54313  0a  00
2.54340  00  aa
2.54366  b0  00
2.54396  00  16
2.54422  00  16
2.54449  a0  50
2.54478  00  00
2.54505  e4  c8
2.54536  00  9c
2.54563  b2  6a
2.54593  00  5a
2.54619  00  02
2.54646  00  46

2.59215  90  00
2.59243  00  00
2.59271  00  80
2.59300  0a  00
2.59327  00  aa
2.59353  b0  00
2.59383  00  16
2.59409  00  16
2.59435  a0  50
2.59464  00  00
2.59491  e4  c8
2.59523  00  9c
2.59550  b2  6a
2.59580  00  5a
2.59607  00  02
2.59634  00  46

2.64202  90  00
2.64230  00  00
2.64258  00  80
2.64288  0a  00
2.64314  00  aa
2.64341  b0  00
2.64370  00  16
2.64396  00  16
2.64423  a0  50
2.64452  00  00
2.64479  e4  c8
2.64511  00  9c
2.64538  b2  6a
2.64568  00  5a
2.64595  00  02
2.64622  00  46

2.69190  90  00
2.69218  00  00
2.69246  00  80
2.69276  0a  00
2.69302  00  aa
2.69329  b0  00
2.69358  00  16
2.69384  00  16
2.69411  a0  50
2.69440  00  00
2.69467  e4  c8
2.69499  00  9c
2.69525  b2  6a
2.69555  00  5a
2.69582  00  02
2.69609  00  46

2.74177  90  00
2.74205  00  00
2.74233  00  80
2.74262  0a  00
2.74289  00  aa
2.74316  b0  00
2.74345  00  16
2.74371  00  16
2.74398  a0  50
2.74427  00  00
2.74454  e4  c8
2.74486  00  9c
2.74513  b2  6a
2.74543  00  5a
2.74570  00  02
2.74597  00  46

2.79165  90  00
2.79193  00  00
2.79220  00  80
2.79250  0a  00
2.79277  00  aa
2.79303  b0  00
2.79332  00  16
2.79359  00  16
2.79386  a0  50
2.79415  00  00
2.79442  e4  c8
2.79473  00  9c
2.79499  b2  6a
2.79530  00  5a
2.79557  00  02
2.79584  00  46

2.84152  90  00
2.84181  00  00
2.84208  00  80
2.84238  0a  00
2.84265  00  aa
2.84291  b0  00
2.84320  00  16
2.84347  00  16
2.84374  a0  50
2.84403  00  00
2.84430  e4  c8
2.84461  00  9c
2.84487  b2  6a
2.84518  00  5a
2.84545  00  02
2.84572  00  46

2.89139  90  00
2.89168  00  00
2.89196  00  80
2.89225  0a  00
2.89252  00  aa
2.89278  b0  00
2.89307  00  16
2.89333  00  16
2.89361  a0  50
2.89389  00  00
2.89416  e4  c8
2.89448  00  9c
2.89475  b2  6a
2.89505  00  5a
2.89532  00  02
2.89559  00  46

2.94127  90  00
2.94155  00  00
2.94183  00  80
2.94212  0a  00
2.94240  00  aa
2.94266  b0  00
2.94295  00  16
2.94322  00  16
2.94349  a0  50
2.94378  00  00
2.94405  e4  c8
2.94436  00  9c
2.94463  b2  6a
2.94493  00  5a
2.94520  00  02
2.94547  00  46

2.99510  90  00
2.99539  00  00
2.99567  00  80
2.99596  0a  00
2.99623  00  aa
2.99650  b0  00
2.99679  00  16
2.99706  00  16
2.99733  a0  50
2.99762  00  00
2.99789  e4  c8
2.99820  00  9c
2.99847  b2  6a
2.99879  00  5a
2.99906  00  02
2.99933  00  46

3.04584  90  00
3.04612  00  00
3.04640  00  80
3.04667  0a  00
3.04694  00  aa
3.04720  b0  00
3.04750  00  16
3.04777  00  16
3.04804  a0  50
3.04832  00  00
3.04859  e4  c8
3.04890  00  9c
3.04917  b2  6a
3.04947  00  5a
3.04974  00  02
3.05001  00  46

3.09572  90  00
3.09600  00  00
3.09628  00  80
3.09655  0a  00
3.09683  00  aa
3.09709  b0  00
3.09738  00  16
3.09765  00  16
3.09792  a0  50
3.09821  00  00
3.09848  e4  c8
3.09879  00  9c
3.09906  b2  6a
3.09936  00  5a
3.09964  00  02
3.09991  00  46

3.14559  90  00
3.14587  00  00
3.14615  00  80
3.14642  0a  00
3.14669  00  aa
3.14695  b0  00
3.14725  00  16
3.14752  00  16
3.14779  a0  50
3.14808  00  00
3.14834  e4  c8
3.14866  00  9c
3.14893  b2  6a
3.14923  00  5a
3.14951  00  02
3.14978  00  46

3.19547  90  00
3.19575  00  00
3.19603  00  80
3.19630  0a  00
3.19657  00  aa
3.19684  b0  00
3.19713  00  16
3.19740  00  16
3.19767  a0  50
3.19796  00  00
3.19823  e4  c8
3.19854  00  9c
3.19881  b2  6a
3.19911  00  5a
3.19939  00  02
3.19966  00  46

3.24534  90  00
3.24563  00  00
3.24590  00  80
3.24618  0a  00
3.24644  00  aa
3.24671  b0  00
3.24700  00  16
3.24727  00  16
3.24754  a0  50
3.24783  00  00
3.24810  e4  c8
3.24841  00  9c
3.24868  b2  6a
3.24898  00  5a
3.24927  00  02
3.24953  00  46

3.29521  90  00
3.29550  00  00
3.29578  00  80
3.29605  0a  00
3.29632  00  aa
3.29658  b0  00
3.29687  00  16
3.29714  00  16
3.29741  a0  50
3.29770  00  00
3.29797  e4  c8
3.29828  00  9c
3.29855  b2  6a
3.29885  00  5a
3.29913  00  02
3.29940  00  46

3.34509  90  00
3.34538  00  00
3.34565  00  80
3.34592  0a  00
3.34620  00  aa
3.34646  b0  00
3.34675  00  16
3.34702  00  16
3.34729  a0  50
3.34758  00  00
3.34785  e4  c8
3.34816  00  9c
3.34843  b2  6a
3.34873  00  5a
3.34901  00  02
3.34928  00  46

3.39496  90  00
3.39525  00  00
3.39553  00  80
3.39580  0a  00
3.39607  00  aa
3.39633  b0  00
3.39662  00  16
3.39689  00  16
3.39716  a0  50
3.39745  00  00
3.39772  e4  c8
3.39803  00  9c
3.39830  b2  6a
3.39859  00  5a
3.39886  00  02
3.39913  00  46

3.44484  90  00
3.44512  00  00
3.44540  00  80
3.44567  0a  00
3.44594  00  aa
3.44620  b0  00
3.44650  00  16
3.44677  00  16
3.44704  a0  50
3.44732  00  00
3.44759  e4  c8
3.44790  00  9c
3.44816  b2  6a
3.44846  00  5a
3.44873  00  02
3.44900  00  46

3.49471  90  00
3.49499  00  00
3.49527  00  80
3.49554  0a  00
3.49582  00  aa
3.49608  b0  00
3.49637  00  16
3.49665  00  16
3.49691  a0  50
3.49720  00  00
3.49747  e4  c8
3.49778  00  9c
3.49805  b2  6a
3.49835  00  5a
3.49863  00  02
3.49890  00  46

3.54459  90  00
3.54487  00  00
3.54514  00  80
3.54542  0a  00
3.54568  00  aa
3.54595  b0  00
3.54624  00  16
3.54651  00  16
3.54678  a0  50
3.54707  00  00
3.54734  e4  c8
3.54765  00  9c
3.54792  b2  6a
3.54822  00  5a
3.54848  00  02
3.54875  00  46

3.59446  90  00
3.59475  00  00
3.59502  00  80
3.59530  0a  00
3.59556  00  aa
3.59583  b0  00
3.59612  00  16
3.59639  00  16
3.59666  a0  50
3.59694  00  00
3.59721  e4  c8
3.59752  00  9c
3.59779  b2  6a
3.59810  00  5a
3.59839  00  02
3.59865  00  46

3.64433  90  00
3.64462  00  00
3.64490  00  80
3.64517  0a  00
3.64544  00  aa
3.64571  b0  00
3.64600  00  16
3.64627  00  16
3.64654  a0  50
3.64683  00  00
3.64710  e4  c8
3.64741  00  9c
3.64768  b2  6a
3.64798  00  5a
3.64825  00  02
3.64852  00  46

3.69421  90  00
3.69450  00  00
3.69477  00  80
3.69505  0a  00
3.69531  00  aa
3.69558  b0  00
3.69587  00  16
3.69614  00  16
3.69641  a0  50
3.69670  00  00
3.69697  e4  c8
3.69728  00  9c
3.69755  b2  6a
3.69785  00  5a
3.69813  00  02
3.69840  00  46

3.74408  90  00
3.74437  00  00
3.74465  00  80
3.74492  0a  00
3.74519  00  aa
3.74546  b0  00
3.74575  00  16
3.74601  00  16
3.74628  a0  50
3.74657  00  00
3.74684  e4  c8
3.74715  00  9c
3.74742  b2  6a
3.74773  00  5a
3.74801  00  02
3.74828  00  46

3.79396  90  00
3.79425  00  00
3.79452  00  80
3.79479  0a  00
3.79507  00  aa
3.79533  b0  00
3.79562  00  16
3.79589  00  16
3.79616  a0  50
3.79645  00  00
3.79672  e4  c8
3.79703  00  9c
3.79730  b2  6a
3.79760  00  5a
3.79788  00  02
3.79815  00  46

3.84383  90  00
3.84412  00  00
3.84440  00  80
3.84467  0a  00
3.84494  00  aa
3.84520  b0  00
3.84549  00  16
3.84576  00  16
3.84603  a0  50
3.84632  00  00
3.84659  e4  c8
3.84690  00  9c
3.84717  b2  6a
3.84747  00  5a
3.84776  00  02
3.84803  00  46

3.89371  90  00
3.89399  00  00
3.89427  00  80
3.89454  0a  00
3.89482  00  aa
3.89508  b0  00
3.89537  00  16
3.89564  00  16
3.89591  a0  50
3.89620  00  00
3.89647  e4  c8
3.89678  00  9c
3.89705  b2  6a
3.89735  00  5a
3.89763  00  02
3.89790  00  46

3.94358  90  00
3.94387  00  00
3.94414  00  80
3.94442  0a  00
3.94469  00  aa
3.94496  b0  00
3.94525  00  16
3.94551  00  16
3.94578  a0  50
3.94607  00  00
3.94634  e4  c8
3.94665  00  9c
3.94692  b2  6a
3.94722  00  5a
3.94750  00  02
3.94777  00  46

3.99346  90  00
3.99374  00  00
3.99401  00  80
3.99429  0a  00
3.99455  00  aa
3.99482  b0  00
3.99511  00  16
3.99538  00  16
3.99565  a0  50
3.99594  00  00
3.99621  e4  c8
3.99652  00  9c
3.99679  b2  6a
3.99709  00  5a
3.99738  00  02
3.99765  00  46

4.04333  90  00
4.04362  00  00
4.04389  00  80
4.04417  0a  00
4.04444  00  aa
4.04470  b0  00
4.04500  00  16
4.04527  00  16
4.04554  a0  50
4.04583  00  00
4.04610  e4  c8
4.04641  00  9c
4.04668  b2  6a
4.04698  00  5a
4.04725  00  02
4.04752  00  46

4.09320  90  00
4.09349  00  00
4.09377  00  80
4.09404  0a  00
4.09431  00  aa
4.09457  b0  00
4.09486  00  16
4.09513  00  16
4.09540  a0  50
4.09569  00  00
4.09596  e4  c8
4.09627  00  9c
4.09654  b2  6a
4.09684  00  5a
4.09713  00  02
4.09740  00  46

4.14308  90  00
4.14336  00  00
4.14364  00  80
4.14391  0a  00
4.14418  00  aa
4.14444  b0  00
4.14474  00  16
4.14500  00  16
4.14527  a0  50
4.14556  00  00
4.14583  e4  c8
4.14614  00  9c
4.14641  b2  6a
4.14671  00  5a
4.14697  00  02
4.14724  00  46

4.19295  90  00
4.19324  00  00
4.19352  00  80
4.19379  0a  00
4.19406  00  aa
4.19432  b0  00
4.19461  00  16
4.19488  00  16
4.19515  a0  50
4.19544  00  00
4.19571  e4  c8
4.19602  00  9c
4.19629  b2  6a
4.19660  00  5a
4.19688  00  02
4.19715  00  46

4.24283  90  00
4.24312  00  00
4.24339  00  80
4.24366  0a  00
4.24393  00  aa
4.24420  b0  00
4.24449  00  16
4.24476  00  16
4.24503  a0  50
4.24533  00  00

4.24812  e4  c8
4.24843  00  9c
4.24870  b2  6a
4.24900  00  5a
4.24927  00  02
4.24954  00  46

4.29270  90  00
4.29298  00  00
4.29326  00  80
4.29353  0a  00
4.29380  00  aa
4.29407  b0  00
4.29436  00  16
4.29463  00  16
4.29490  a0  50
4.29519  00  00
4.29546  e4  c8
4.29577  00  9c
4.29604  b2  6a
4.29634  00  5a
4.29663  00  02
4.29690  00  46

4.34258  90  00
4.34286  00  00
4.34314  00  80
4.34341  0a  00
4.34368  00  aa
4.34394  b0  00
4.34424  00  16
4.34451  00  16
4.34478  a0  50
4.34507  00  00
4.34534  e4  c8
4.34565  00  9c
4.34592  b2  6a
4.34622  00  5a
4.34650  00  02
4.34677  00  46

4.39245  90  00
4.39274  00  00
4.39302  00  80
4.39329  0a  00
4.39356  00  aa
4.39383  b0  00
4.39412  00  16
4.39439  00  16
4.39466  a0  50
4.39495  00  00
4.39522  e4  c8
4.39553  00  9c
4.39580  b2  6a
4.39609  00  5a
4.39638  00  02
4.39665  00  46

4.44233  90  00
4.44261  00  00
4.44289  00  80
4.44316  0a  00
4.44344  00  aa
4.44370  b0  00
4.44399  00  16
4.44426  00  16
4.44453  a0  50
4.44482  00  00
4.44509  e4  c8
4.44540  00  9c
4.44567  b2  6a
4.44597  00  5a
4.44625  00  02
4.44652  00  46

4.49220  90  00
4.49249  00  00
4.49276  00  80
4.49304  0a  00
4.49330  00  aa
4.49357  b0  00
4.49386  00  16
4.49413  00  16
4.49440  a0  50
4.49469  00  00
4.49496  e4  c8
4.49527  00  9c
4.49554  b2  6a
4.49584  00  5a
4.49612  00  02
4.49639  00  46

4.54207  90  00
4.54236  00  00
4.54266  00  80
4.54333  0a  00
4.54360  00  aa
4.54386  b0  00
4.54415  00  16
4.54442  00  16
4.54469  a0  50
4.54498  00  00
4.54524  e4  c8
4.54556  00  9c
4.54583  b2  6a
4.54613  00  5a
4.54643  00  02

4.54764  00  46

4.59195  90  00
4.59224  00  00
4.59251  00  80
4.59279  0a  00
4.59306  00  aa
4.59332  b0  00
4.59362  00  16
4.59388  00  16
4.59415  a0  50
4.59444  00  00
4.59471  e4  c8
4.59502  00  9c
4.59529  b2  6a
4.59559  00  5a
4.59587  00  02
4.59614  00  46

4.64182  90  00
4.64211  00  00
4.64239  00  80
4.64266  0a  00
4.64293  00  aa
4.64319  b0  00
4.64348  00  16
4.64375  00  16
4.64402  a0  50
4.64431  00  00
4.64458  e4  c8
4.64489  00  9c
4.64515  b2  6a
4.64545  00  5a
4.64572  00  02
4.64599  00  46

4.69170  90  00
4.69198  00  00
4.69226  00  80
4.69253  0a  00
4.69280  00  aa
4.69306  b0  00
4.69335  00  16
4.69362  00  16
4.69389  a0  50
4.69418  00  00
4.69445  e4  c8
4.69476  00  9c
4.69503  b2  6a
4.69533  00  5a
4.69562  00  02
4.69589  00  46

4.74157  90  00
4.74185  00  00
4.74213  00  80
4.74240  0a  00
4.74267  00  aa
4.74293  b0  00
4.74323  00  16
4.74350  00  16
4.74377  a0  50
4.74406  00  00
4.74433  e4  c8
4.74464  00  9c
4.74491  b2  6a
4.74520  00  5a
4.74547  00  02
4.74574  00  46

4.79145  90  00
4.79184  00  00
4.79212  00  80
4.79241  0a  00
4.79268  00  aa
4.79295  b0  00
4.79324  00  16
4.79350  00  16
4.79377  a0  50
4.79406  00  00
4.79433  e4  c8
4.79464  00  9c
4.79491  b2  6a
4.79520  00  5a
4.79546  00  02
4.79573  00  46

4.84132  90  00
4.84160  00  00
4.84188  00  80
4.84215  0a  00
4.84242  00  aa
4.84268  b0  00
4.84298  00  16
4.84325  00  16
4.84352  a0  50
4.84381  00  00
4.84408  e4  c8
4.84439  00  9c
4.84466  b2  6a
4.84495  00  5a
4.84522  00  02
4.84549  00  46

4.89120  90  00
4.89148  00  00
4.89176  00  80
4.89203  0a  00
4.89230  00  aa
4.89256  b0  00
4.89286  00  16
4.89313  00  16
4.89340  a0  50
4.89369  00  00
4.89396  e4  c8
4.89427  00  9c
4.89454  b2  6a
4.89484  00  5a
4.89512  00  02
4.89539  00  46

4.94107  90  00
4.94136  00  00
4.94163  00  80
4.94191  0a  00
4.94217  00  aa
4.94244  b0  00
4.94273  00  16
4.94299  00  16
4.94326  a0  50
4.94355  00  00
4.94382  e4  c8
4.94413  00  9c
4.94440  b2  6a
4.94471  00  5a
4.94499  00  02
4.94526  00  46

4.99095  90  00
4.99123  00  00
4.99150  00  80
4.99178  0a  00
4.99204  00  aa
4.99231  b0  00
4.99260  00  16
4.99287  00  16
4.99314  a0  50
4.99343  00  00
4.99370  e4  c8
4.99401  00  9c
4.99428  b2  6a
4.99458  00  5a
4.99484  00  02
4.99511  00  46

5.04082  90  00
5.04111  00  00
5.04138  00  80
5.04166  0a  00
5.04192  00  aa
5.04219  b0  00
5.04248  00  16
5.04275  00  16
5.04302  a0  50
5.04331  00  00
5.04358  e4  c8
5.04389  00  9c
5.04416  b2  6a
5.04446  00  5a
5.04475  00  02
5.04501  00  46

5.09069  90  00
5.09098  00  00
5.09126  00  80
5.09153  0a  00
5.09180  00  aa
5.09207  b0  00
5.09235  00  16
5.09263  00  16
5.09290  a0  50
5.09318  00  00
5.09345  e4  c8
5.09376  00  9c
5.09402  b2  6a
5.09432  00  5a
5.09459  00  02
5.09486  00  46

5.14057  90  00
5.14086  00  00
5.14113  00  80
5.14140  0a  00
5.14167  00  aa
5.14194  b0  00
5.14223  00  16
5.14250  00  16
5.14277  a0  50
5.14306  00  00
5.14333  e4  c8
5.14364  00  9c
5.14391  b2  6a
5.14421  00  5a
5.14449  00  02
5.14476  00  46

5.19044  90  00
5.19073  00  00
5.19101  00  80
5.19128  0a  00
5.19155  00  aa
5.19182  b0  00
5.19211  00  16
5.19238  00  16
5.19265  a0  50
5.19294  00  00
5.19321  e4  c8
5.19352  00  9c
5.19379  b2  6a
5.19409  00  5a
5.19437  00  02
5.19464  00  46

5.24032  90  00
5.24061  00  00
5.24088  00  80
5.24115  0a  00
5.24143  00  aa
5.24169  b0  00
5.24198  00  16
5.24225  00  16
5.24252  a0  50
5.24281  00  00
5.24308  e4  c8
5.24339  00  9c
5.24366  b2  6a
5.24396  00  5a
5.24424  00  02
5.24451  00  46

5.29019  90  00
5.29048  00  00
5.29076  00  80
5.29103  0a  00
5.29130  00  aa
5.29157  b0  00
5.29186  00  16
5.29213  00  16
5.29240  a0  50
5.29268  00  00
5.29295  e4  c8
5.29326  00  9c
5.29353  b2  6a
5.29384  00  5a
5.29412  00  02
5.29439  00  46

5.34007  90  00
5.34035  00  00
5.34063  00  80
5.34090  0a  00
5.34118  00  aa
5.34144  b0  00
5.34173  00  16
5.34200  00  16
5.34227  a0  50
5.34256  00  00
5.34283  e4  c8
5.34314  00  9c
5.34341  b2  6a
5.34371  00  5a
5.34398  00  02
5.34426  00  46

5.38994  90  00
5.39023  00  00
5.39050  00  80
5.39078  0a  00
5.39104  00  aa
5.39131  b0  00
5.39160  00  16
5.39187  00  16
5.39214  a0  50
5.39243  00  00
5.39270  e4  c8
5.39301  00  9c
5.39328  b2  6a
5.39358  00  5a
5.39386  00  02
5.39413  00  46

5.43982  90  00
5.44010  00  00
5.44038  00  80
5.44065  0a  00
5.44093  00  aa
5.44119  b0  00
5.44148  00  16
5.44175  00  16
5.44202  a0  50
5.44231  00  00
5.44258  e4  c8
5.44289  00  9c
5.44316  b2  6a
5.44346  00  5a
5.44373  00  02
5.44400  00  46

5.48969  90  00
5.48998  00  00
5.49025  00  80
5.49053  0a  00
5.49080  00  aa
5.49106  b0  00
5.49136  00  16
5.49163  00  16
5.49190  a0  50
5.49219  00  00
5.49246  e4  c8
5.49277  00  9c
5.49304  b2  6a
5.49334  00  5a
5.49361  00  02
5.49388  00  46

5.53956  90  00
5.53985  00  00
5.54012  00  80
5.54040  0a  00
5.54067  00  aa
5.54093  b0  00
5.54123  00  16
5.54150  00  16
5.54177  a0  50
5.54205  00  00
5.54232  e4  c8
5.54264  00  9c
5.54291  b2  6a
5.54321  00  5a
5.54349  00  02
5.54376  00  46

5.58944  90  00
5.58973  00  00
5.59000  00  80
5.59028  0a  00
5.59054  00  aa
5.59081  b0  00
5.59109  00  16
5.59136  00  16
5.59163  a0  50
5.59192  00  00
5.59219  e4  c8
5.59250  00  9c
5.59277  b2  6a
5.59307  00  5a
5.59336  00  02
5.59363  00  46

5.63931  90  00
5.63960  00  00
5.63988  00  80
5.64015  0a  00
5.64042  00  aa
5.64069  b0  00
5.64098  00  16
5.64124  00  16
5.64151  a0  50
5.64180  00  00
5.64207  e4  c8
5.64238  00  9c
5.64265  b2  6a
5.64296  00  5a
5.64323  00  02
5.64350  00  46

5.68919  90  00
5.68948  00  00
5.68975  00  80
5.69002  0a  00
5.69029  00  aa
5.69056  b0  00
5.69085  00  16
5.69112  00  16
5.69139  a0  50
5.69168  00  00
5.69195  e4  c8
5.69226  00  9c
5.69253  b2  6a
5.69283  00  5a
5.69311  00  02
5.69338  00  46

5.73906  90  00
5.73935  00  00
5.73963  00  80
5.73990  0a  00
5.74017  00  aa
5.74044  b0  00
5.74073  00  16
5.74100  00  16
5.74127  a0  50
5.74156  00  00
5.74183  e4  c8
5.74214  00  9c
5.74241  b2  6a
5.74271  00  5a
5.74298  00  02
5.74325  00  46

5.78894  90  00
5.78922  00  00
5.78949  00  80
5.78977  0a  00
5.79003  00  aa
5.79030  b0  00
5.79059  00  16
5.79086  00  16
5.79113  a0  50
5.79142  00  00
5.79169  e4  c8
5.79200  00  9c
5.79227  b2  6a
5.79257  00  5a
5.79286  00  02
5.79313  00  46

5.83881  90  00
5.83910  00  00
5.83938  00  80
5.83965  0a  00
5.83992  00  aa
5.84019  b0  00
5.84048  00  16
5.84074  00  16
5.84101  a0  50
5.84130  00  00
5.84157  e4  c8
5.84188  00  9c
5.84215  b2  6a
5.84245  00  5a
5.84273  00  02
5.84300  00  46

5.88869  90  00
5.88897  00  00
5.88924  00  80
5.88952  0a  00
5.88978  00  aa
5.89005  b0  00
5.89034  00  16
5.89061  00  16
5.89088  a0  50
5.89117  00  00
5.89144  e4  c8
5.89175  00  9c
5.89202  b2  6a
5.89232  00  5a
5.89258  00  02
5.89285  00  46

5.93856  90  00
5.93885  00  00
5.93912  00  80
5.93940  0a  00
5.93966  00  aa
5.93993  b0  00
5.94022  00  16
5.94049  00  16
5.94076  a0  50
5.94105  00  00
5.94132  e4  c8
5.94163  00  9c
5.94190  b2  6a
5.94220  00  5a
5.94249  00  02
5.94276  00  46

5.98844  90  00
5.98872  00  00
5.98900  00  80
5.98927  0a  00
5.98954  00  aa
5.98981  b0  00
5.99010  00  16
5.99037  00  16
5.99064  a0  50
5.99093  00  00
5.99120  e4  c8
5.99151  00  9c
5.99178  b2  6a
5.99208  00  5a
5.99235  00  02
5.99262  00  46

6.03831  90  00
6.03860  00  00
6.03887  00  80
6.03915  0a  00
6.03941  00  aa
6.03968  b0  00
6.03997  00  16
6.04024  00  16
6.04051  a0  50
6.04080  00  00
6.04107  e4  c8
6.04138  00  9c
6.04165  b2  6a
6.04195  00  5a
6.04224  00  02
6.04250  00  46

6.08818  90  00
6.08847  00  00
6.08875  00  80
6.08902  0a  00
6.08929  00  aa
6.08956  b0  00
6.08985  00  16
6.09012  00  16
6.09039  a0  50
6.09067  00  00
6.09094  e4  c8
6.09125  00  9c
6.09152  b2  6a
6.09181  00  5a
6.09208  00  02
6.09235  00  46

6.13806  90  00
6.13835  00  00
6.13862  00  80
6.13890  0a  00
6.13916  00  aa
6.13943  b0  00
6.13972  00  16
6.13999  00  16
6.14026  a0  50
6.14055  00  00
6.14082  e4  c8
6.14113  00  9c
6.14140  b2  6a
6.14170  00  5a
6.14198  00  02
6.14225  00  46

6.18793  90  00
6.18822  00  00
6.18850  00  80
6.18877  0a  00
6.18904  00  aa
6.18930  b0  00
6.18959  00  16
6.18986  00  16
6.19013  a0  50
6.19042  00  00
6.19069  e4  c8
6.19100  00  9c
6.19127  b2  6a
6.19158  00  5a
6.19186  00  02
6.19213  00  46

6.23781  90  00
6.23810  00  00
6.23837  00  80
6.23864  0a  00
6.23891  00  aa
6.23918  b0  00
6.23947  00  16
6.23974  00  16
6.24001  a0  50
6.24030  00  00
6.24057  e4  c8
6.24088  00  9c
6.24115  b2  6a
6.24145  00  5a
6.24173  00  02
