# time   MOSI  MISO
0.00015  00  08
0.00093  0a  00
0.00121  00  aa
0.00147  0a  00
0.00174  00  aa
0.00202  80  00
0.00231  0a  81
0.00259  99  87
0.00287  01  00
0.00314  00  c8
0.00341  00  00
0.00368  00  c8
0.00396  00  00
0.00422  00  00
0.00449  b0  00
0.00479  00  16
0.00506  00  16
0.00532  a0  50
0.00561  00  00
0.00588  e4  c8
0.00620  00  9c
0.00647  00  6a
0.00685  50  00
0.00713  2f  50
0.00741  90  50
0.00770  00  00
0.00798  00  90
0.00825  0c  00

0.01799  90  0c
0.01828  00  00
0.01855  00  90
0.01883  0a  00
0.01910  00  aa
0.01936  b0  00
0.01965  00  16
0.01992  00  16
0.02020  a0  50
0.02048  00  00
0.02075  e4  c8
0.02107  00  9c
0.02134  b2  6a
0.02163  00  5a
0.02190  00  02
0.02217  00  46

0.06600  f0  00
0.06628  b0  11
0.06657  00  16
0.06684  00  16
0.06711  00  50
0.06741  c0  00
0.06769  00  00
0.06796  00  00

0.11115  e0  00
0.11146  00  c2
0.11173  ea  51
0.11205  00  9c
0.11232  00  46
0.11259  00  00
0.11286  00  00
0.11313  00  00
0.11341  e8  00
0.11373  00  22
0.11400  00  16
0.11427  00  00
0.11454  00  00
0.11480  00  00
0.11508  00  00
0.11539  f8  00
0.11567  fc  b3
0.11597  fa  be
0.11627  fe  ba
0.11657  00  c5
0.11700  90  00
0.11729  00  00
0.11757  00  90
0.11785  b0  00
0.11814  7f  16
0.11841  ff  16
0.11868  0a  50
0.11895  00  aa
0.11922  b0  00
0.11951  00  16
0.11977  00  16
0.12004  a0  50
0.12033  00  00
0.12060  e4  c8
0.12091  00  9c
0.12118  b2  6a
0.12148  00  5a
0.12175  00  02
0.12202  00  46

0.12389  f0  00
0.12417  b0  11
0.12446  00  16
0.12473  00  16
0.12500  00  50
0.12530  c0  00
0.12559  00  00
0.12585  00  00

0.17101  e0  00
0.17132  00  c2
0.17159  ea  51
0.17191  00  9c
0.17218  00  46
0.17245  00  00
0.17273  00  00
0.17300  00  00
0.17327  e8  00
0.17361  00  22
0.17388  00  16
0.17415  00  00
0.17442  00  00
0.17469  00  00
0.17496  00  00
0.17527  f8  00
0.17556  fc  b3
0.17586  fa  be
0.17615  fe  ba
0.17645  00  c5
0.17689  90  00
0.17717  00  00
0.17745  00  90
0.17773  b0  00
0.17802  7f  16
0.17829  ff  16
0.17856  0a  50
0.17883  00  aa
0.17910  b0  00
0.17939  00  16
0.17967  00  16
0.17994  a0  50
0.18023  00  00
0.18050  e4  c8
0.18082  00  9c
0.18109  b2  6a
0.18139  00  5a
0.18166  00  02
0.18193  00  46

0.18371  f0  00
0.18400  b0  11
0.18429  00  16
0.18455  00  16
0.18482  00  50
0.18512  c0  00
0.18541  00  00
0.18568  00  00

0.23086  e0  00
0.23117  00  c2
0.23144  ea  51
0.23176  00  9c
0.23203  00  46
0.23230  00  00
0.23257  00  00
0.23284  00  00
0.23311  e8  00
0.23343  00  22
0.23370  00  16
0.23397  00  00
0.23424  00  00
0.23452  00  00
0.23479  00  00
0.23510  f8  00
0.23539  fc  b3
0.23569  fa  be
0.23598  fe  ba
0.23628  00  c5
0.23672  90  00
0.23701  00  00
0.23728  00  90
0.23756  b0  00
0.23786  7f  16
0.23813  ff  16
0.23840  0a  50
0.23867  00  aa
0.23894  b0  00
0.23922  00  16
0.23949  00  16
0.23976  a0  50
0.24004  00  00
0.24031  e4  c8
0.24062  00  9c
0.24089  b2  6a
0.24119  00  5a
0.24146  00  02
0.24173  00  46

0.24352  f0  00
0.24381  b0  11
0.24410  00  16
0.24436  00  16
0.24463  00  50
0.24493  c0  00
0.24522  00  00
0.24548  00  00

0.29072  e0  00
0.29103  00  c2
0.29130  ea  51
0.29162  00  9c
0.29189  00  46
0.29216  00  00
0.29243  00  00
0.29270  00  00
0.29298  e8  00
0.29330  00  22
0.29357  00  16
0.29384  00  00
0.29411  00  00
0.29438  00  00
0.29466  00  00
0.29497  f8  00
0.29526  fc  b3
0.29555  fa  be
0.29585  fe  ba
0.29615  00  c5
0.29658  90  00
0.29687  00  00
0.29715  00  90
0.29756  b0  00
0.29784  7f  16
0.29811  ff  16
0.29841  0a  50
0.29867  00  aa
0.29894  b0  00
0.29923  00  16
0.29949  00  16
0.29977  a0  50
0.30008  00  00
0.30035  e4  c8
0.30066  00  9c
0.30093  b2  6a
0.30123  00  5a
0.30150  00  02
0.30177  00  46

0.30355  f0  00
0.30384  b0  11
0.30413  00  16
0.30440  00  16
0.30467  00  50
0.30497  c0  00
0.30525  00  00
0.30552  00  00

0.35070  e0  00
0.35101  00  c2
0.35128  ea  51
0.35161  00  9c
0.35188  00  46
0.35215  00  00
0.35242  00  00
0.35269  00  00
0.35296  e8  00
0.35329  00  22
0.35356  00  16
0.35383  00  00
0.35410  00  00
0.35437  00  00
0.35464  00  00
0.35495  f8  00
0.35524  fc  b3
0.35554  fa  be
0.35583  fe  ba
0.35614  00  c5
0.35655  90  00
0.35683  00  00
0.35711  00  90
0.35737  b0  00
0.35767  7f  16
0.35793  ff  16
0.35822  0a  50
0.35849  00  aa
0.35876  b0  00
0.35907  00  16
0.35934  00  16
0.35961  a0  50
0.35990  00  00
0.36017  e4  c8
0.36048  00  9c
0.36075  b2  6a
0.36106  00  5a
0.36133  00  02
0.36160  00  46

0.36339  f0  00
0.36368  b0  11
0.36397  00  16
0.36423  00  16
0.36450  00  50
0.36480  c0  00
0.36509  00  00
0.36536  00  00

0.41044  e0  00
0.41075  00  c2
0.41102  ea  51
0.41134  00  9c
0.41161  00  46
0.41188  00  00
0.41216  00  00
0.41243  00  00
0.41270  e8  00
0.41304  00  22
0.41331  00  16
0.41358  00  00
0.41385  00  00
0.41412  00  00
0.41440  00  00
0.41471  f8  00
0.41500  fc  b3
0.41529  fa  be
0.41559  fe  ba
0.41589  00  c5
0.41632  90  00
0.41661  00  00
0.41688  00  90
0.41717  b0  00
0.41745  7f  16
0.41772  ff  16
0.41799  0a  50
0.41826  00  aa
0.41853  b0  00
0.41881  00  16
0.41908  00  16
0.41935  a0  50
0.41964  00  00
0.41992  e4  c8
0.42023  00  9c
0.42050  b2  6a
0.42080  00  5a
0.42107  00  02
0.42134  00  46

0.42313  f0  00
0.42341  b0  11
0.42370  00  16
0.42396  00  16
0.42423  00  50
0.42453  c0  00
0.42482  00  00
0.42508  00  00

0.46930  e0  00
0.46960  00  c2
0.46987  ea  51
0.47019  00  9c
0.47046  00  46
0.47073  00  00
0.47101  00  00
0.47128  00  00
0.47155  e8  00
0.47187  00  22
0.47214  00  16
0.47241  00  00
0.47268  00  00
0.47295  00  00
0.47323  00  00
0.47354  f8  00
0.47382  fc  b3
0.47412  fa  be
0.47442  fe  ba
0.47472  00  c5
0.47515  90  00
0.47544  00  00
0.47572  00  90
0.47600  b0  00
0.47629  7f  16
0.47656  ff  16
0.47683  0a  50
0.47710  00  aa
0.47736  b0  00
0.47766  00  16
0.47792  00  16
0.47819  a0  50
0.47848  00  00
0.47878  e4  c8
0.47910  00  9c
0.47937  b2  6a
0.47967  00  5a
0.47994  00  02
0.48021  00  46

0.48199  f0  00
0.48228  b0  11
0.48257  00  16
0.48283  00  16
0.48310  00  50
0.48340  c0  00
0.48369  00  00
0.48395  00  00

0.52916  e0  00
0.52946  00  c2
0.52973  ea  51
0.53005  00  9c
0.53032  00  46
0.53059  00  00
0.53087  00  00
0.53114  00  00
0.53141  e8  00
0.53173  00  22
0.53200  00  16
0.53227  00  00
0.53254  00  00
0.53282  00  00
0.53309  00  00
0.53340  f8  00
0.53369  fc  b3
0.53399  fa  be
0.53428  fe  ba
0.53458  00  c5
0.53502  90  00
0.53531  00  00
0.53558  00  90
0.53586  b0  00
0.53615  7f  16
0.53641  ff  16
0.53669  0a  50
0.53696  00  aa
0.53722  b0  00
0.53751  00  16
0.53777  00  16
0.53804  a0  50
0.53833  00  00
0.53860  e4  c8
0.53891  00  9c
0.53918  b2  6a
0.53948  00  5a
0.53975  00  02
0.54002  00  46

0.54181  f0  00
0.54210  b0  11
0.54239  00  16
0.54265  00  16
0.54292  00  50
0.54322  c0  00
0.54351  00  00
0.54378  00  00

0.59300  e0  00
0.59331  00  c2
0.59358  ea  51
0.59390  00  9c
0.59417  00  46
0.59444  00  00
0.59471  00  00
0.59498  00  00
0.59525  e8  00
0.59557  00  22
0.59584  00  16
0.59611  00  00
0.59638  00  00
0.59676  00  00
0.59704  00  00
0.59735  f8  00
0.59764  fc  b3
0.59793  fa  be
0.59822  fe  ba
0.59852  00  c5
0.59908  90  00
0.59937  00  00
0.59964  00  90
0.59991  b0  00
0.60019  7f  16
0.60046  ff  16
0.60076  0a  50
0.60103  00  aa
0.60130  b0  00
0.60159  00  16
0.60186  00  16
0.60214  a0  50
0.60242  00  00
0.60270  e4  c8
0.60301  00  9c
0.60328  b2  6a
0.60359  00  5a
0.60385  00  02
0.60412  00  46

0.60581  f0  00
0.60610  b0  11
0.60639  00  16
0.60666  00  16
0.60693  00  50
0.60723  c0  00
0.60751  00  00
0.60778  00  00

0.65386  e0  00
0.65416  00  c2
0.65443  ea  51
0.65475  00  9c
0.65503  00  46
0.65529  00  00
0.65557  00  00
0.65584  00  00
0.65611  e8  00
0.65643  00  22
0.65670  00  16
0.65697  00  00
0.65724  00  00
0.65752  00  00
0.65779  00  00
0.65810  f8  00
0.65839  fc  b3
0.65869  fa  be
0.65898  fe  ba
0.65928  00  c5
0.65972  90  00
0.66000  00  00
0.66028  00  90
0.66056  b0  00
0.66086  7f  16
0.66113  ff  16
0.66143  0a  50
0.66170  00  aa
0.66196  b0  00
0.66226  00  16
0.66252  00  16
0.66279  a0  50
0.66308  00  00
0.66335  e4  c8
0.66367  00  9c
0.66394  b2  6a
0.66424  00  5a
0.66451  00  02
0.66477  00  46

0.66656  f0  00
0.66684  b0  11
0.66713  00  16
0.66740  00  16
0.66767  00  50
0.66797  c0  00
0.66825  00  00
0.66852  00  00

0.71372  e0  00
0.71403  00  c2
0.71430  ea  51
0.71462  00  9c
0.71489  00  46
0.71516  00  00
0.71543  00  00
0.71570  00  00
0.71598  e8  00
0.71632  00  22
0.71659  00  16
0.71686  00  00
0.71713  00  00
0.71740  00  00
0.71768  00  00
0.71799  f8  00
0.71827  fc  b3
0.71857  fa  be
0.71886  fe  ba
0.71916  00  c5
0.71960  90  00
0.71988  00  00
0.72015  00  90
0.72044  b0  00
0.72073  7f  16
0.72100  ff  16
0.72127  0a  50
0.72155  00  aa
0.72182  b0  00
0.72211  00  16
0.72238  00  16
0.72265  a0  50
0.72294  00  00
0.72321  e4  c8
0.72352  00  9c
0.72379  b2  6a
0.72409  00  5a
0.72436  00  02
0.72463  00  46

0.72641  f0  00
0.72670  b0  11
0.72699  00  16
0.72725  00  16
0.72752  00  50
0.72782  c0  00
0.72811  00  00
0.72838  00  00

0.77357  e0  00
0.77388  00  c2
0.77415  ea  51
0.77447  00  9c
0.77474  00  46
0.77501  00  00
0.77528  00  00
0.77555  00  00
0.77583  e8  00
0.77615  00  22
0.77642  00  16
0.77669  00  00
0.77696  00  00
0.77723  00  00
0.77751  00  00
0.77782  f8  00
0.77811  fc  b3
0.77840  fa  be
0.77870  fe  ba
0.77900  00  c5
0.77943  90  00
0.77972  00  00
0.77999  00  90
0.78027  b0  00
0.78057  7f  16
0.78084  ff  16
0.78111  0a  50
0.78138  00  aa
0.78164  b0  00
0.78193  00  16
0.78220  00  16
0.78247  a0  50
0.78275  00  00
0.78302  e4  c8
0.78333  00  9c
0.78360  b2  6a
0.78390  00  5a
0.78416  00  02
0.78443  00  46

0.78622  f0  00
0.78651  b0  11
0.78680  00  16
0.78706  00  16
0.78733  00  50
0.78763  c0  00
0.78792  00  00
0.78819  00  00

0.83443  e0  00
0.83473  00  c2
0.83500  ea  51
0.83533  00  9c
0.83560  00  46
0.83587  00  00
0.83614  00  00
0.83641  00  00
0.83668  e8  00
0.83701  00  22
0.83728  00  16
0.83755  00  00
0.83782  00  00
0.83809  00  00
0.83837  00  00
0.83867  f8  00
0.83896  fc  b3
0.83926  fa  be
0.83955  fe  ba
0.83985  00  c5
0.84029  90  00
0.84058  00  00
0.84085  00  90
0.84113  b0  00
0.84143  7f  16
0.84169  ff  16
0.84197  0a  50
0.84223  00  aa
0.84250  b0  00
0.84279  00  16
0.84306  00  16
0.84332  a0  50
0.84361  00  00
0.84388  e4  c8
0.84419  00  9c
0.84446  b2  6a
0.84476  00  5a
0.84503  00  02
0.84530  00  46

0.84719  f0  00
0.84747  b0  11
0.84776  00  16
0.84803  00  16
0.84829  00  50
0.84859  c0  00
0.84890  00  00
0.84917  00  00

0.89429  e0  00
0.89459  00  c2
0.89486  ea  51
0.89518  00  9c
0.89545  00  46
0.89572  00  00
0.89610  00  00
0.89637  00  00
0.89665  e8  00
0.89697  00  22
0.89724  00  16
0.89751  00  00
0.89779  00  00
0.89805  00  00
0.89833  00  00
0.89863  f8  00
0.89892  fc  b3
0.89922  fa  be
0.89951  fe  ba
0.89981  00  c5
0.90023  90  00
0.90052  00  00
0.90079  00  90
0.90106  b0  00
0.90135  7f  16
0.90162  ff  16
0.90191  0a  50
0.90218  00  aa
0.90245  b0  00
0.90273  00  16
0.90300  00  16
0.90327  a0  50
0.90356  00  00
0.90383  e4  c8
0.90414  00  9c
0.90441  b2  6a
0.90471  00  5a
0.90498  00  02
0.90525  00  46

0.90703  f0  00
0.90732  b0  11
0.90761  00  16
0.90788  00  16
0.90815  00  50
0.90845  c0  00
0.90876  00  00
0.90902  00  00

0.95514  e0  00
0.95545  00  c2
0.95572  ea  51
0.95604  00  9c
0.95631  00  46
0.95658  00  00
0.95685  00  00
0.95712  00  00
0.95740  e8  00
0.95772  00  22
0.95799  00  16
0.95826  00  00
0.95853  00  00
0.95880  00  00
0.95908  00  00
0.95939  f8  00
0.95967  fc  b3
0.95997  fa  be
0.96027  fe  ba
0.96057  00  c5
0.96100  90  00
0.96129  00  00
0.96157  00  90
0.96185  b0  00
0.96214  7f  16
0.96241  ff  16
0.96268  0a  50
0.96295  00  aa
0.96322  b0  00
0.96351  00  16
0.96378  00  16
0.96405  a0  50
0.96434  00  00
0.96463  e4  c8
0.96493  00  9c
0.96520  b2  6a
0.96551  00  5a
0.96577  00  02
0.96604  00  46

0.96783  f0  00
0.96811  b0  11
0.96840  00  16
0.96866  00  16
0.96893  00  50
0.96923  c0  00
0.96952  00  00
0.96978  00  00

1.01500  e0  00
1.01531  00  c2
1.01557  ea  51
1.01590  00  9c
1.01617  00  46
1.01644  00  00
1.01671  00  00
1.01698  00  00
1.01726  e8  00
1.01758  00  22
1.01785  00  16
1.01812  00  00
1.01839  00  00
1.01866  00  00
1.01893  00  00
1.01924  f8  00
1.01953  fc  b3
1.01983  fa  be
1.02012  fe  ba
1.02043  00  c5
1.02086  90  00
1.02115  00  00
1.02142  00  90
1.02171  b0  00
1.02200  7f  16
1.02227  ff  16
1.02254  0a  50
1.02281  00  aa
1.02308  b0  00
1.02337  00  16
1.02364  00  16
1.02391  a0  50
1.02420  00  00
1.02449  e4  c8
1.02480  00  9c
1.02507  b2  6a
1.02536  00  5a
1.02563  00  02
1.02590  00  46

1.02770  f0  00
1.02799  b0  11
1.02828  00  16
1.02854  00  16
1.02881  00  50
1.02911  c0  00
1.02940  00  00
1.02967  00  00

1.07486  e0  00
1.07516  00  c2
1.07543  ea  51
1.07575  00  9c
1.07602  00  46
1.07629  00  00
1.07657  00  00
1.07684  00  00
1.07711  e8  00
1.07743  00  22
1.07770  00  16
1.07797  00  00
1.07824  00  00
1.07852  00  00
1.07879  00  00
1.07910  f8  00
1.07939  fc  b3
1.07968  fa  be
1.07998  fe  ba
1.08028  00  c5
1.08072  90  00
1.08100  00  00
1.08128  00  90
1.08156  b0  00
1.08185  7f  16
1.08212  ff  16
1.08239  0a  50
1.08266  00  aa
1.08292  b0  00
1.08322  00  16
1.08348  00  16
1.08375  a0  50
1.08404  00  00
1.08431  e4  c8
1.08462  00  9c
1.08489  b2  6a
1.08519  00  5a
1.08546  00  02
1.08573  00  46

1.08753  f0  00
1.08781  b0  11
1.08810  00  16
1.08836  00  16
1.08863  00  50
1.08893  c0  00
1.08922  00  00
1.08948  00  00

1.13870  e0  00
1.13901  00  c2
1.13928  ea  51
1.13960  00  9c
1.13987  00  46
1.14014  00  00
1.14041  00  00
1.14069  00  00
1.14096  e8  00
1.14128  00  22
1.14155  00  16
1.14182  00  00
1.14211  00  00
1.14238  00  00
1.14266  00  00
1.14311  f8  00
1.14339  fc  b3
1.14369  fa  be
1.14399  fe  ba
1.14430  00  c5
1.14471  90  00
1.14500  00  00
1.14532  00  90
1.14559  b0  00
1.14588  7f  16
1.14615  ff  16
1.14644  0a  50
1.14671  00  aa
1.14698  b0  00
1.14729  00  16
1.14756  00  16
1.14783  a0  50
1.14812  00  00
1.14839  e4  c8
1.14870  00  9c
1.14897  b2  6a
1.14929  00  5a
1.14956  00  02
1.14983  00  46

1.15154  f0  00
1.15182  b0  11
1.15211  00  16
1.15238  00  16
1.15265  00  50
1.15295  c0  00
1.15324  00  00
1.15351  00  00

1.19956  e0  00
1.19986  00  c2
1.20013  ea  51
1.20046  00  9c
1.20073  00  46
1.20100  00  00
1.20127  00  00
1.20155  00  00
1.20182  e8  00
1.20216  00  22
1.20243  00  16
1.20270  00  00
1.20297  00  00
1.20325  00  00
1.20351  00  00
1.20382  f8  00
1.20411  fc  b3
1.20441  fa  be
1.20470  fe  ba
1.20501  00  c5
1.20544  90  00
1.20572  00  00
1.20600  00  90
1.20628  b0  00
1.20657  7f  16
1.20684  ff  16
1.20711  0a  50
1.20738  00  aa
1.20764  b0  00
1.20793  00  16
1.20820  00  16
1.20847  a0  50
1.20876  00  00
1.20905  e4  c8
1.20936  00  9c
1.20963  b2  6a
1.20993  00  5a
1.21020  00  02
1.21047  00  46

1.21227  f0  00
1.21256  b0  11
1.21285  00  16
1.21314  00  16
1.21341  00  50
1.21371  c0  00
1.21399  00  00
1.21426  00  00

1.26044  e0  00
1.26075  00  c2
1.26104  ea  51
1.26137  00  9c

1.26551  00  46
1.26578  00  00
1.26605  00  00
1.26632  00  00
1.26660  e8  00
1.26692  00  22
1.26720  00  16
1.26747  00  00
1.26774  00  00
1.26808  00  00
1.26836  00  00
1.26867  90  00
1.26896  00  00
1.26924  00  90
1.26983  90  00
1.27011  00  00
1.27039  00  90
1.27070  90  00
1.27105  00  00
1.27133  00  90

1.27668  07  00

1.31337  07  07
1.31380  90  07
1.31409  00  00
1.31436  00  90

1.33002  13  00
1.33029  80  13
1.33071  90  13
1.33099  00  00
1.33127  00  90

1.38154  0e  00
1.38182  0f  0e

1.38377  f0  0f
1.38406  b0  11
1.38435  00  16
1.38462  00  16
1.38489  00  50
1.38520  c0  00
1.38549  00  00
1.38575  00  00

1.42901  e0  00
1.42932  00  c2
1.42959  ea  51
1.42991  00  9c
1.43018  00  46
1.43074  00  00
1.43101  00  00
1.43128  00  00
1.43156  e8  00
1.43188  00  22
1.43215  00  16
1.43242  00  00
1.43269  00  00
1.43296  00  00
1.43323  00  00
1.43354  f8  00
1.43383  fc  b3
1.43412  fa  be
1.43442  fe  ba
1.43472  00  c5
1.43513  90  00
1.43542  00  00
1.43569  00  90
1.43596  b0  00
1.43625  7f  16
1.43652  ff  16
1.43679  0a  50
1.43705  00  aa
1.43732  b0  00
1.43761  00  16
1.43788  00  16
1.43815  a0  50
1.43843  00  00
1.43870  e4  c8
1.43901  00  9c
1.43928  b2  6a
1.43959  00  5a
1.43986  00  02
1.44013  00  46
1.44113  90  00
1.44141  00  00
1.44169  00  90
1.44196  0a  00
1.44223  00  aa
1.44249  b0  00
1.44279  00  16
1.44306  00  16
1.44333  a0  50
1.44361  00  00
1.44388  e4  c8
1.44419  00  9c
1.44461  b2  6a
1.44491  00  5a
1.44517  00  02
1.44544  00  46

1.49137  f0  00
1.49166  b0  11
1.49195  00  16
1.49222  00  16
1.49249  00  50
1.49279  c0  00
1.49307  00  00
1.49334  00  00

1.53676  e0  00
1.53706  00  c2
1.53733  ea  51
1.53765  00  9c
1.53792  00  46
1.53819  00  00
1.53847  00  00
1.53874  00  00
1.53901  e8  00
1.53933  00  22
1.53960  00  16
1.53987  00  00
1.54014  00  00
1.54042  00  00
1.54069  00  00
1.54100  f8  00
1.54129  fc  b3
1.54159  fa  be
1.54188  fe  ba
1.54218  00  c5
1.54262  90  00
1.54290  00  00
1.54317  00  90
1.54346  b0  00
1.54375  7f  16
1.54402  ff  16
1.54437  0a  50
1.54464  00  aa
1.54491  b0  00
1.54520  00  16
1.54547  00  16
1.54574  a0  50
1.54603  00  00
1.54629  e4  c8
1.54662  00  9c
1.54689  b2  6a
1.54719  00  5a
1.54746  00  02
1.54773  00  46

1.54953  f0  00
1.54982  b0  11
1.55011  00  16
1.55037  00  16
1.55064  00  50
1.55094  c0  00
1.55123  00  00
1.55150  00  00

1.59574  e0  00
1.59605  00  c2
1.59632  ea  51
1.59664  00  9c
1.59691  00  46
1.59718  00  00
1.59745  00  00
1.59772  00  00
1.59800  e8  00
1.59832  00  22
1.59859  00  16
1.59886  00  00
1.59913  00  00
1.59939  00  00
1.59967  00  00
1.59998  f8  00
1.60027  fc  b3
1.60057  fa  be
1.60086  fe  ba
1.60116  00  c5
1.60158  90  00
1.60186  00  00
1.60213  00  90
1.60240  b0  00
1.60269  7f  16
1.60296  ff  16
1.60326  0a  50
1.60353  00  aa
1.60379  b0  00
1.60411  00  16
1.60437  00  16
1.60464  a0  50
1.60493  00  00
1.60520  e4  c8
1.60551  00  9c
1.60578  b2  6a
1.60610  00  5a
1.60636  00  02
1.60663  00  46

1.60844  f0  00
1.60872  b0  11
1.60901  00  16
1.60928  00  16
1.60955  00  50
1.60985  c0  00
1.61013  00  00
1.61040  00  00

1.63428  c0  00
1.63457  00  00
1.63483  00  00
1.63510  90  00
1.63539  00  00
1.63566  00  90
1.63593  07  00
1.63644  0e  07
1.63671  0f  0e
1.63700  90  0f
1.63729  00  00
1.63756  00  90

1.64434  90  00
1.64463  00  00
1.64490  00  90
1.64520  0a  00
1.64547  00  aa
1.64573  b0  00
1.64602  00  16
1.64629  00  16
1.64656  a0  50
1.64685  00  00
1.64712  e4  c8
1.64743  00  9c
1.64770  b2  6a
1.64800  00  5a
1.64827  00  02
1.64854  00  46

1.69422  90  00
1.69451  00  00
1.69479  00  90
1.69508  0a  00
1.69535  00  aa
1.69561  b0  00
1.69591  00  16
1.69617  00  16
1.69644  a0  50
1.69673  00  00
1.69700  e4  c8
1.69731  00  9c
1.69758  b2  6a
1.69789  00  5a
1.69816  00  02
1.69843  00  46

1.74411  90  00
1.74439  00  00
1.74467  00  90
1.74496  0a  00
1.74524  00  aa
1.74550  b0  00
1.74580  00  16
1.74606  00  16
1.74633  a0  50
1.74662  00  00
1.74688  e4  c8
1.74720  00  9c
1.74747  b2  6a
1.74777  00  5a
1.74804  00  02
1.74831  00  46

1.79399  90  00
1.79427  00  00
1.79454  00  90
1.79484  0a  00
1.79511  00  aa
1.79537  b0  00
1.79566  00  16
1.79593  00  16
1.79619  a0  50
1.79648  00  00
1.79675  e4  c8
1.79706  00  9c
1.79733  b2  6a
1.79764  00  5a
1.79791  00  02
1.79818  00  46

1.84387  90  00
1.84415  00  00
1.84442  00  90
1.84472  0a  00
1.84499  00  aa
1.84525  b0  00
1.84555  00  16
1.84581  00  16
1.84607  a0  50
1.84636  00  00
1.84663  e4  c8
1.84695  00  9c
1.84721  b2  6a
1.84752  00  5a
1.84779  00  02
1.84806  00  46

1.89375  90  00
1.89404  00  00
1.89431  00  90
1.89461  0a  00
1.89488  00  aa
1.89514  b0  00
1.89543  00  16
1.89570  00  16
1.89597  a0  50
1.89625  00  00
1.89652  e4  c8
1.89684  00  9c
1.89711  b2  6a
1.89741  00  5a
1.89767  00  02
1.89794  00  46

1.94363  90  00
1.94392  00  00
1.94419  00  90
1.94449  0a  00
1.94476  00  aa
1.94502  b0  00
1.94531  00  16
1.94558  00  16
1.94585  a0  50
1.94614  00  00
1.94641  e4  c8
1.94671  00  9c
1.94698  b2  6a
1.94729  00  5a
1.94756  00  02
1.94783  00  46

1.99351  90  00
1.99380  00  00
1.99407  00  90
1.99437  0a  00
1.99464  00  aa
1.99490  b0  00
1.99519  00  16
1.99546  00  16
1.99573  a0  50
1.99602  00  00
1.99629  e4  c8
1.99660  00  9c
1.99687  b2  6a
1.99717  00  5a
1.99743  00  02
1.99770  00  46

2.04340  90  00
2.04369  00  00
2.04396  00  90
2.04426  0a  00
2.04453  00  aa
2.04479  b0  00
2.04509  00  16
2.04536  00  16
2.04562  a0  50
2.04591  00  00
2.04618  e4  c8
2.04649  00  9c
2.04677  b2  6a
2.04707  00  5a
2.04734  00  02
2.04761  00  46

2.09327  90  00
2.09356  00  00
2.09384  00  90
2.09413  0a  00
2.09441  00  aa
2.09467  b0  00
2.09496  00  16
2.09523  00  16
2.09550  a0  50
2.09579  00  00
2.09605  e4  c8
2.09637  00  9c
2.09664  b2  6a
2.09694  00  5a
2.09721  00  02
2.09748  00  46

2.14316  90  00
2.14344  00  00
2.14372  00  90
2.14401  0a  00
2.14429  00  aa
2.14455  b0  00
2.14485  00  16
2.14511  00  16
2.14538  a0  50
2.14567  00  00
2.14594  e4  c8
2.14625  00  9c
2.14652  b2  6a
2.14682  00  5a
2.14709  00  02
2.14735  00  46

2.19304  90  00
2.19332  00  00
2.19359  00  90
2.19389  0a  00
2.19416  00  aa
2.19442  b0  00
2.19471  00  16
2.19498  00  16
2.19524  a0  50
2.19553  00  00
2.19580  e4  c8
2.19611  00  9c
2.19639  b2  6a
2.19669  00  5a
2.19696  00  02
2.19723  00  46

2.24292  90  00
2.24321  00  00
2.24348  00  90
2.24378  0a  00
2.24404  00  aa
2.24431  b0  00
2.24460  00  16
2.24486  00  16
2.24513  a0  50
2.24542  00  00
2.24569  e4  c8
2.24601  00  9c
2.24628  b2  6a
2.24657  00  5a
2.24684  00  02
2.24711  00  46

2.29280  90  00
2.29308  00  00
2.29336  00  90
2.29365  0a  00
2.29392  00  aa
2.29418  b0  00
2.29448  00  16
2.29474  00  16
2.29501  a0  50
2.29530  00  00
2.29557  e4  c8
2.29588  00  9c
2.29615  b2  6a
2.29646  00  5a
2.29672  00  02
2.29699  00  46

2.34268  90  00
2.34296  00  00
2.34324  00  90
2.34353  0a  00
2.34380  00  aa
2.34407  b0  00
2.34436  00  16
2.34462  00  16
2.34489  a0  50
2.34517  00  00
2.34544  e4  c8
2.34576  00  9c
2.34603  b2  6a
2.34634  00  5a
2.34661  00  02
2.34687  00  46

2.39256  90  00
2.39285  00  00
2.39313  00  90
2.39342  0a  00
2.39369  00  aa
2.39395  b0  00
2.39424  00  16
2.39451  00  16
2.39477  a0  50
2.39506  00  00
2.39533  e4  c8
2.39565  00  9c
2.39592  b2  6a
2.39622  00  5a
2.39649  00  02
2.39676  00  46

2.44244  90  00
2.44273  00  00
2.44301  00  90
2.44330  0a  00
2.44358  00  aa
2.44384  b0  00
2.44413  00  16
2.44440  00  16
2.44467  a0  50
2.44496  00  00
2.44522  e4  c8
2.44554  00  9c
2.44581  b2  6a
2.44611  00  5a
2.44638  00  02
2.44665  00  46

2.49232  90  00
2.49261  00  00
2.49289  00  90
2.49318  0a  00
2.49345  00  aa
2.49371  b0  00
2.49401  00  16
2.49427  00  16
2.49454  a0  50
2.49483  00  00
2.49510  e4  c8
2.49542  00  9c
2.49569  b2  6a
2.49598  00  5a
2.49625  00  02
2.49652  00  46

2.54221  90  00
2.54249  00  00
2.54277  00  90
2.54306  0a  00
2.54333  00  aa
2.54360  b0  00
2.54389  00  16
2.54415  00  16
2.54442  a0  50
2.54471  00  00
2.54498  e4  c8
2.54530  00  9c
2.54557  b2  6a
2.54587  00  5a
2.54614  00  02
2.54641  00  46

2.59209  90  00
2.59237  00  00
2.59265  00  90
2.59295  0a  00
2.59322  00  aa
2.59348  b0  00
2.59378  00  16
2.59404  00  16
2.59431  a0  50
2.59460  00  00
2.59487  e4  c8
2.59518  00  9c
2.59545  b2  6a
2.59575  00  5a
2.59602  00  02
2.59629  00  46

2.64197  90  00
2.64225  00  00
2.64253  00  90
2.64282  0a  00
2.64309  00  aa
2.64335  b0  00
2.64365  00  16
2.64391  00  16
2.64417  a0  50
2.64446  00  00
2.64473  e4  c8
2.64505  00  9c
2.64532  b2  6a
2.64562  00  5a
2.64589  00  02
2.64616  00  46

2.69185  90  00
2.69213  00  00
2.69241  00  90
2.69270  0a  00
2.69298  00  aa
2.69324  b0  00
2.69353  00  16
2.69380  00  16
2.69407  a0  50
2.69436  00  00
2.69463  e4  c8
2.69494  00  9c
2.69521  b2  6a
2.69551  00  5a
2.69578  00  02
2.69605  00  46

2.74173  90  00
2.74202  00  00
2.74229  00  90
2.74259  0a  00
2.74286  00  aa
2.74312  b0  00
2.74341  00  16
2.74368  00  16
2.74395  a0  50
2.74424  00  00
2.74451  e4  c8
2.74482  00  9c
2.74508  b2  6a
2.74539  00  5a
2.74565  00  02
2.74592  00  46

2.79161  90  00
2.79190  00  00
2.79218  00  90
2.79247  0a  00
2.79274  00  aa
2.79300  b0  00
2.79330  00  16
2.79356  00  16
2.79382  a0  50
2.79411  00  00
2.79438  e4  c8
2.79470  00  9c
2.79497  b2  6a
2.79527  00  5a
2.79553  00  02
2.79580  00  46

2.84149  90  00
2.84178  00  00
2.84206  00  90
2.84235  0a  00
2.84262  00  aa
2.84288  b0  00
2.84318  00  16
2.84344  00  16
2.84371  a0  50
2.84400  00  00
2.84427  e4  c8
2.84458  00  9c
2.84485  b2  6a
2.84516  00  5a
2.84543  00  02
2.84570  00  46

2.89137  90  00
2.89166  00  00
2.89194  00  90
2.89223  0a  00
2.89251  00  aa
2.89277  b0  00
2.89306  00  16
2.89333  00  16
2.89360  a0  50
2.89389  00  00
2.89415  e4  c8
2.89446  00  9c
2.89473  b2  6a
2.89503  00  5a
2.89530  00  02
2.89557  00  46

2.94126  90  00
2.94154  00  00
2.94182  00  90
2.94211  0a  00
2.94239  00  aa
2.94265  b0  00
2.94295  00  16
2.94321  00  16
2.94348  a0  50
2.94377  00  00
2.94404  e4  c8
2.94435  00  9c
2.94462  b2  6a
2.94492  00  5a
2.94519  00  02
2.94546  00  46

2.99114  90  00
2.99142  00  00
2.99170  00  90
2.99200  0a  00
2.99226  00  aa
2.99253  b0  00
2.99282  00  16
2.99308  00  16
2.99335  a0  50
2.99364  00  00
2.99391  e4  c8
2.99423  00  9c
2.99450  b2  6a
2.99480  00  5a
2.99507  00  02
2.99533  00  46

3.04102  90  00
3.04131  00  00
3.04158  00  90
3.04188  0a  00
3.04214  00  aa
3.04241  b0  00
3.04270  00  16
3.04297  00  16
3.04324  a0  50
3.04352  00  00
3.04379  e4  c8
3.04410  00  9c
3.04437  b2  6a
3.04467  00  5a
3.04494  00  02
3.04521  00  46

3.09090  90  00
3.09119  00  00
3.09146  00  90
3.09176  0a  00
3.09203  00  aa
3.09229  b0  00
3.09258  00  16
3.09285  00  16
3.09312  a0  50
3.09341  00  00
3.09368  e4  c8
3.09398  00  9c
3.09425  b2  6a
3.09456  00  5a
3.09483  00  02
3.09510  00  46

3.14078  90  00
3.14107  00  00
3.14134  00  90
3.14164  0a  00
3.14191  00  aa
3.14217  b0  00
3.14246  00  16
3.14273  00  16
3.14300  a0  50
3.14329  00  00
3.14356  e4  c8
3.14387  00  9c
3.14414  b2  6a
3.14444  00  5a
3.14470  00  02
3.14497  00  46

3.19066  90  00
3.19095  00  00
3.19123  00  90
3.19152  0a  00
3.19179  00  aa
3.19206  b0  00
3.19235  00  16
3.19262  00  16
3.19289  a0  50
3.19318  00  00
3.19344  e4  c8
3.19376  00  9c
3.19403  b2  6a
3.19432  00  5a
3.19459  00  02
3.19486  00  46

3.24054  90  00
3.24083  00  00
3.24111  00  90
3.24140  0a  00
3.24168  00  aa
3.24194  b0  00
3.24223  00  16
3.24250  00  16
3.24277  a0  50
3.24306  00  00
3.24332  e4  c8
3.24364  00  9c
3.24391  b2  6a
3.24421  00  5a
3.24448  00  02
3.24475  00  46

3.29042  90  00
3.29071  00  00
3.29099  00  90
3.29128  0a  00
3.29155  00  aa
3.29182  b0  00
3.29211  00  16
3.29237  00  16
3.29264  a0  50
3.29293  00  00
3.29320  e4  c8
3.29352  00  9c
3.29379  b2  6a
3.29409  00  5a
3.29436  00  02
3.29462  00  46

3.34031  90  00
3.34059  00  00
3.34086  00  90
3.34116  0a  00
3.34143  00  aa
3.34169  b0  00
3.34198  00  16
3.34225  00  16
3.34251  a0  50
3.34280  00  00
3.34307  e4  c8
3.34338  00  9c
3.34366  b2  6a
3.34396  00  5a
3.34423  00  02
3.34450  00  46

3.39019  90  00
3.39047  00  00
3.39075  00  90
3.39105  0a  00
3.39131  00  aa
3.39158  b0  00
3.39187  00  16
3.39213  00  16
3.39240  a0  50
3.39269  00  00
3.39296  e4  c8
3.39327  00  9c
3.39354  b2  6a
3.39384  00  5a
3.39411  00  02
3.39438  00  46

3.44007  90  00
3.44036  00  00
3.44063  00  90
3.44093  0a  00
3.44119  00  aa
3.44146  b0  00
3.44175  00  16
3.44202  00  16
3.44229  a0  50
3.44257  00  00
3.44284  e4  c8
3.44316  00  9c
3.44343  b2  6a
3.44372  00  5a
3.44399  00  02
3.44426  00  46

3.48995  90  00
3.49024  00  00
3.49051  00  90
3.49081  0a  00
3.49108  00  aa
3.49134  b0  00
3.49163  00  16
3.49190  00  16
3.49216  a0  50
3.49245  00  00
3.49272  e4  c8
3.49303  00  9c
3.49330  b2  6a
3.49361  00  5a
3.49387  00  02
3.49414  00  46

3.53983  90  00
3.54012  00  00
3.54039  00  90
3.54069  0a  00
3.54096  00  aa
3.54122  b0  00
3.54151  00  16
3.54178  00  16
3.54204  a0  50
3.54233  00  00
3.54260  e4  c8
3.54292  00  9c
3.54319  b2  6a
3.54349  00  5a
3.54376  00  02
3.54403  00  46

3.59387  90  00
3.59416  00  00
3.59443  00  90
3.59471  0a  00
3.59497  00  aa
3.59524  b0  00
3.59553  00  16
3.59579  00  16
3.59606  a0  50
3.59636  00  00
3.59663  e4  c8
3.59695  00  9c
3.59722  b2  6a
3.59752  00  5a
3.59779  00  02
3.59806  00  46

3.64442  90  00
3.64471  00  00
3.64498  00  90
3.64526  0a  00
3.64553  00  aa
3.64579  b0  00
3.64609  00  16
3.64636  00  16
3.64663  a0  50
3.64692  00  00
3.64719  e4  c8
3.64750  00  9c
3.64777  b2  6a
3.64807  00  5a
3.64834  00  02
3.64861  00  46

3.69430  90  00
3.69458  00  00
3.69486  00  90
3.69513  0a  00
3.69540  00  aa
3.69566  b0  00
3.69596  00  16
3.69623  00  16
3.69650  a0  50
3.69679  00  00
3.69705  e4  c8
3.69737  00  9c
3.69764  b2  6a
3.69794  00  5a
3.69822  00  02
3.69849  00  46

3.74418  90  00
3.74446  00  00
3.74474  00  90
3.74501  0a  00
3.74529  00  aa
3.74555  b0  00
3.74584  00  16
3.74611  00  16
3.74638  a0  50
3.74667  00  00
3.74694  e4  c8
3.74725  00  9c
3.74752  b2  6a
3.74782  00  5a
3.74811  00  02
3.74838  00  46

3.79406  90  00
3.79434  00  00
3.79462  00  90
3.79489  0a  00
3.79517  00  aa
3.79543  b0  00
3.79572  00  16
3.79599  00  16
3.79626  a0  50
3.79655  00  00
3.79682  e4  c8
3.79713  00  9c
3.79740  b2  6a
3.79771  00  5a
3.79799  00  02
3.79826  00  46

3.84394  90  00
3.84423  00  00
3.84451  00  90
3.84478  0a  00
3.84505  00  aa
3.84531  b0  00
3.84561  00  16
3.84588  00  16
3.84615  a0  50
3.84643  00  00
3.84671  e4  c8
3.84702  00  9c
3.84729  b2  6a
3.84759  00  5a
3.84787  00  02
3.84814  00  46

3.89383  90  00
3.89411  00  00
3.89439  00  90
3.89466  0a  00
3.89493  00  aa
3.89519  b0  00
3.89549  00  16
3.89576  00  16
3.89603  a0  50
3.89632  00  00
3.89659  e4  c8
3.89690  00  9c
3.89717  b2  6a
3.89747  00  5a
3.89775  00  02
3.89802  00  46

3.94371  90  00
3.94399  00  00
3.94426  00  90
3.94454  0a  00
3.94481  00  aa
3.94508  b0  00
3.94537  00  16
3.94564  00  16
3.94591  a0  50
3.94620  00  00
3.94647  e4  c8
3.94678  00  9c
3.94705  b2  6a
3.94735  00  5a
3.94763  00  02
3.94790  00  46

3.99359  90  00
3.99387  00  00
3.99415  00  90
3.99442  0a  00
3.99469  00  aa
3.99495  b0  00
3.99524  00  16
3.99551  00  16
3.99578  a0  50
3.99607  00  00
3.99634  e4  c8
3.99665  00  9c
3.99692  b2  6a
3.99723  00  5a
3.99751  00  02
3.99778  00  46

4.04347  90  00
4.04376  00  00
4.04403  00  90
4.04431  0a  00
4.04458  00  aa
4.04484  b0  00
4.04514  00  16
4.04541  00  16
4.04568  a0  50
4.04597  00  00
4.04624  e4  c8
4.04655  00  9c
4.04682  b2  6a
4.04712  00  5a
4.04739  00  02
4.04766  00  46

4.09335  90  00
4.09364  00  00
4.09391  00  90
4.09419  0a  00
4.09445  00  aa
4.09472  b0  00
4.09501  00  16
4.09528  00  16
4.09555  a0  50
4.09584  00  00
4.09611  e4  c8
4.09642  00  9c
4.09669  b2  6a
4.09699  00  5a
4.09728  00  02
4.09755  00  46

4.14323  90  00
4.14352  00  00
4.14380  00  90
4.14407  0a  00
4.14434  00  aa
4.14461  b0  00
4.14489  00  16
4.14516  00  16
4.14543  a0  50
4.14572  00  00
4.14599  e4  c8
4.14630  00  9c
4.14657  b2  6a
4.14687  00  5a
4.14716  00  02
4.14743  00  46

4.19311  90  00
4.19340  00  00
4.19368  00  90
4.19395  0a  00
4.19422  00  aa
4.19448  b0  00
4.19477  00  16
4.19504  00  16
4.19532  a0  50
4.19560  00  00
4.19587  e4  c8
4.19618  00  9c
4.19645  b2  6a
4.19676  00  5a
4.19704  00  02
4.19731  00  46

4.24300  90  00
4.24328  00  00
4.24356  00  90
4.24383  0a  00
4.24410  00  aa
4.24437  b0  00
4.24466  00  16
4.24493  00  16
4.24520  a0  50
4.24549  00  00
4.24576  e4  c8
4.24607  00  9c
4.24634  b2  6a
4.24664  00  5a
4.24692  00  02
4.24719  00  46

4.29288  90  00
4.29316  00  00
4.29344  00  90
4.29371  0a  00
4.29398  00  aa
4.29424  b0  00
4.29453  00  16
4.29480  00  16
4.29507  a0  50
4.29536  00  00
4.29563  e4  c8
4.29594  00  9c
4.29621  b2  6a
4.29651  00  5a
4.29677  00  02
4.29704  00  46

4.34276  90  00
4.34305  00  00
4.34332  00  90
4.34359  0a  00
4.34387  00  aa
4.34413  b0  00
4.34443  00  16
4.34470  00  16
4.34497  a0  50
4.34526  00  00
4.34553  e4  c8
4.34584  00  9c
4.34611  b2  6a
4.34641  00  5a
4.34668  00  02
4.34695  00  46

4.39264  90  00
4.39293  00  00
4.39320  00  90
4.39348  0a  00
4.39375  00  aa
4.39401  b0  00
4.39431  00  16
4.39458  00  16
4.39485  a0  50
4.39513  00  00
4.39540  e4  c8
4.39572  00  9c
4.39599  b2  6a
4.39628  00  5a
4.39656  00  02
4.39683  00  46

4.44252  90  00
4.44281  00  00
4.44308  00  90
4.44336  0a  00
4.44363  00  aa
4.44390  b0  00
4.44419  00  16
4.44446  00  16
4.44473  a0  50
4.44502  00  00
4.44529  e4  c8
4.44560  00  9c
4.44587  b2  6a
4.44617  00  5a
4.44644  00  02
4.44671  00  46

4.49240  90  00
4.49268  00  00
4.49296  00  90
4.49323  0a  00
4.49350  00  aa
4.49377  b0  00
4.49406  00  16
4.49433  00  16
4.49460  a0  50
4.49489  00  00
4.49516  e4  c8
4.49547  00  9c
4.49574  b2  6a
4.49604  00  5a
4.49632  00  02
4.49659  00  46

4.54228  90  00
4.54257  00  00
4.54285  00  90
4.54312  0a  00
4.54339  00  aa
4.54366  b0  00
4.54395  00  16
4.54422  00  16
4.54449  a0  50
4.54478  00  00
4.54505  e4  c8
4.54536  00  9c
4.54563  b2  6a
4.54593  00  5a
4.54620  00  02
4.54647  00  46

4.59216  90  00
4.59245  00  00
4.59272  00  90
4.59300  0a  00
4.59326  00  aa
4.59353  b0  00
4.59382  00  16
4.59409  00  16
4.59435  a0  50
4.59464  00  00
4.59491  e4  c8
4.59522  00  9c
4.59549  b2  6a
4.59580  00  5a
4.59606  00  02
4.59633  00  46

4.64205  90  00
4.64233  00  00
4.64261  00  90
4.64288  0a  00
4.64315  00  aa
4.64341  b0  00
4.64371  00  16
4.64398  00  16
4.64425  a0  50
4.64454  00  00
4.64481  e4  c8
4.64512  00  9c
4.64539  b2  6a
4.64569  00  5a
4.64597  00  02
4.64624  00  46

4.69193  90  00
4.69221  00  00
4.69249  00  90
4.69276  0a  00
4.69303  00  aa
4.69329  b0  00
4.69359  00  16
4.69386  00  16
4.69413  a0  50
4.69442  00  00
4.69469  e4  c8
4.69500  00  9c
4.69527  b2  6a
4.69557  00  5a
4.69585  00  02
4.69612  00  46

4.74181  90  00
4.74210  00  00
4.74237  00  90
4.74265  0a  00
4.74292  00  aa
4.74318  b0  00
4.74348  00  16
4.74374  00  16
4.74401  a0  50
4.74429  00  00
4.74456  e4  c8
4.74487  00  9c
4.74514  b2  6a
4.74544  00  5a
4.74571  00  02
4.74598  00  46

4.79169  90  00
4.79197  00  00
4.79225  00  90
4.79252  0a  00
4.79279  00  aa
4.79306  b0  00
4.79334  00  16
4.79361  00  16
4.79388  a0  50
4.79417  00  00
4.79444  e4  c8
4.79475  00  9c
4.79502  b2  6a
4.79533  00  5a
4.79561  00  02
4.79588  00  46

4.84157  90  00
4.84185  00  00
4.84213  00  90
4.84240  0a  00
4.84268  00  aa
4.84294  b0  00
4.84323  00  16
4.84350  00  16
4.84377  a0  50
4.84406  00  00
4.84433  e4  c8
4.84464  00  9c
4.84491  b2  6a
4.84521  00  5a
4.84550  00  02
4.84577  00  46

4.89145  90  00
4.89174  00  00
4.89202  00  90
4.89229  0a  00
4.89256  00  aa
4.89282  b0  00
4.89311  00  16
4.89338  00  16
4.89365  a0  50
4.89394  00  00
4.89421  e4  c8
4.89452  00  9c
4.89479  b2  6a
4.89510  00  5a
4.89537  00  02
4.89564  00  46

4.94133  90  00
4.94162  00  00
4.94190  00  90
4.94217  0a  00
4.94244  00  aa
4.94270  b0  00
4.94300  00  16
4.94326  00  16
4.94354  a0  50
4.94382  00  00
4.94409  e4  c8
4.94441  00  9c
4.94468  b2  6a
4.94497  00  5a
4.94525  00  02
4.94552  00  46

4.99122  90  00
4.99150  00  00
4.99177  00  90
4.99205  0a  00
4.99231  00  aa
4.99258  b0  00
4.99287  00  16
4.99314  00  16
4.99341  a0  50
4.99370  00  00
4.99397  e4  c8
4.99428  00  9c
4.99455  b2  6a
4.99485  00  5a
4.99514  00  02
4.99540  00  46

5.04110  90  00
5.04138  00  00
5.04165  00  90
5.04193  0a  00
5.04219  00  aa
5.04246  b0  00
5.04275  00  16
5.04302  00  16
5.04329  a0  50
5.04358  00  00
5.04385  e4  c8
5.04416  00  9c
5.04443  b2  6a
5.04473  00  5a
5.04502  00  02
5.04529  00  46

5.09098  90  00
5.09160  00  00
5.09187  00  90
5.09215  0a  00
5.09241  00  aa
5.09268  b0  00
5.09297  00  16
5.09324  00  16
5.09351  a0  50
5.09380  00  00
5.09407  e4  c8
5.09439  00  9c
5.09466  b2  6a

5.09585  00  5a
5.09611  00  02
5.09638  00  46

5.14086  90  00
5.14115  00  00
5.14142  00  90
5.14170  0a  00
5.14197  00  aa
5.14223  b0  00
5.14253  00  16
5.14279  00  16
5.14306  a0  50
5.14335  00  00
5.14362  e4  c8
5.14393  00  9c
5.14420  b2  6a
5.14450  00  5a
5.14478  00  02
5.14505  00  46

5.19074  90  00
5.19102  00  00
5.19130  00  90
5.19157  0a  00
5.19184  00  aa
5.19210  b0  00
5.19240  00  16
5.19267  00  16
5.19294  a0  50
5.19323  00  00
5.19350  e4  c8
5.19381  00  9c
5.19408  b2  6a
5.19438  00  5a
5.19466  00  02
5.19493  00  46

5.24062  90  00
5.24090  00  00
5.24118  00  90
5.24145  0a  00
5.24172  00  aa
5.24199  b0  00
5.24228  00  16
5.24255  00  16
5.24282  a0  50
5.24311  00  00
5.24338  e4  c8
5.24369  00  9c
5.24396  b2  6a
5.24426  00  5a
5.24455  00  02
5.24482  00  46

5.29050  90  00
5.29079  00  00
5.29107  00  90
5.29134  0a  00
5.29161  00  aa
5.29188  b0  00
5.29217  00  16
5.29244  00  16
5.29271  a0  50
5.29300  00  00
5.29327  e4  c8
5.29358  00  9c
5.29385  b2  6a
5.29415  00  5a
5.29442  00  02
5.29469  00  46

5.34039  90  00
5.34067  00  00
5.34095  00  90
5.34122  0a  00
5.34149  00  aa
5.34175  b0  00
5.34205  00  16
5.34232  00  16
5.34259  a0  50
5.34288  00  00
5.34315  e4  c8
5.34346  00  9c
5.34373  b2  6a
5.34403  00  5a
5.34431  00  02
5.34458  00  46

5.39027  90  00
5.39055  00  00
5.39083  00  90
5.39110  0a  00
5.39138  00  aa
5.39164  b0  00
5.39193  00  16
5.39220  00  16
5.39247  a0  50
5.39276  00  00
5.39303  e4  c8
5.39334  00  9c
5.39361  b2  6a
5.39391  00  5a
5.39419  00  02
5.39446  00  46

5.44015  90  00
5.44043  00  00
5.44071  00  90
5.44098  0a  00
5.44125  00  aa
5.44151  b0  00
5.44180  00  16
5.44207  00  16
5.44234  a0  50
5.44263  00  00
5.44290  e4  c8
5.44321  00  9c
5.44348  b2  6a
5.44377  00  5a
5.44404  00  02
5.44431  00  46

5.49003  90  00
5.49032  00  00
5.49059  00  90
5.49087  0a  00
5.49114  00  aa
5.49140  b0  00
5.49169  00  16
5.49196  00  16
5.49223  a0  50
5.49252  00  00
5.49279  e4  c8
5.49310  00  9c
5.49337  b2  6a
5.49366  00  5a
5.49395  00  02
5.49422  00  46

5.53991  90  00
5.54020  00  00
5.54047  00  90
5.54075  0a  00
5.54101  00  aa
5.54128  b0  00
5.54157  00  16
5.54184  00  16
5.54211  a0  50
5.54240  00  00
5.54267  e4  c8
5.54298  00  9c
5.54325  b2  6a
5.54355  00  5a
5.54384  00  02
5.54411  00  46

5.58979  90  00
5.59008  00  00
5.59036  00  90
5.59063  0a  00
5.59090  00  aa
5.59117  b0  00
5.59146  00  16
5.59173  00  16
5.59199  a0  50
5.59228  00  00
5.59255  e4  c8
5.59286  00  9c
5.59313  b2  6a
5.59343  00  5a
5.59372  00  02
5.59399  00  46

5.63967  90  00
5.63995  00  00
5.64023  00  90
5.64050  0a  00
5.64078  00  aa
5.64104  b0  00
5.64133  00  16
5.64160  00  16
5.64187  a0  50
5.64216  00  00
5.64243  e4  c8
5.64274  00  9c
5.64301  b2  6a
5.64332  00  5a
5.64359  00  02
5.64386  00  46

5.68956  90  00
5.68984  00  00
5.69012  00  90
5.69039  0a  00
5.69066  00  aa
5.69092  b0  00
5.69122  00  16
5.69149  00  16
5.69176  a0  50
5.69205  00  00
5.69232  e4  c8
5.69263  00  9c
5.69290  b2  6a
5.69320  00  5a
5.69348  00  02
5.69375  00  46

5.73944  90  00
5.73972  00  00
5.74000  00  90
5.74027  0a  00
5.74054  00  aa
5.74080  b0  00
5.74110  00  16
5.74137  00  16
5.74164  a0  50
5.74193  00  00
5.74220  e4  c8
5.74251  00  9c
5.74278  b2  6a
5.74308  00  5a
5.74336  00  02
5.74363  00  46

5.78932  90  00
5.78960  00  00
5.78988  00  90
5.79015  0a  00
5.79042  00  aa
5.79068  b0  00
5.79097  00  16
5.79124  00  16
5.79151  a0  50
5.79180  00  00
5.79207  e4  c8
5.79238  00  9c
5.79265  b2  6a
5.79295  00  5a
5.79324  00  02
5.79351  00  46

5.83920  90  00
5.83948  00  00
5.83976  00  90
5.84003  0a  00
5.84030  00  aa
5.84056  b0  00
5.84085  00  16
5.84113  00  16
5.84139  a0  50
5.84168  00  00
5.84195  e4  c8
5.84226  00  9c
5.84253  b2  6a
5.84284  00  5a
5.84312  00  02
5.84339  00  46

5.88908  90  00
5.88937  00  00
5.88964  00  90
5.88992  0a  00
5.89018  00  aa
5.89045  b0  00
5.89074  00  16
5.89101  00  16
5.89128  a0  50
5.89157  00  00
5.89184  e4  c8
5.89215  00  9c
5.89242  b2  6a
5.89272  00  5a
5.89301  00  02
5.89328  00  46

5.93896  90  00
5.93925  00  00
5.93953  00  90
5.93980  0a  00
5.94007  00  aa
5.94033  b0  00
5.94062  00  16
5.94089  00  16
5.94116  a0  50
5.94145  00  00
5.94172  e4  c8
5.94203  00  9c
5.94230  b2  6a
5.94261  00  5a
5.94289  00  02
5.94316  00  46

5.98884  90  00
5.98913  00  00
5.98941  00  90
5.98968  0a  00
5.98995  00  aa
5.99022  b0  00
5.99050  00  16
5.99078  00  16
5.99104  a0  50
5.99133  00  00
5.99160  e4  c8
5.99191  00  9c
5.99218  b2  6a
5.99249  00  5a
5.99277  00  02
5.99304  00  46

6.03873  90  00
6.03901  00  00
6.03928  00  90
6.03956  0a  00
6.03982  00  aa
6.04009  b0  00
6.04038  00  16
6.04065  00  16
6.04092  a0  50
6.04121  00  00
6.04148  e4  c8
6.04179  00  9c
6.04206  b2  6a
6.04236  00  5a
6.04265  00  02
6.04292  00  46

6.08861  90  00
6.08889  00  00
6.08917  00  90
6.08944  0a  00
6.08971  00  aa
6.08997  b0  00
6.09027  00  16
6.09054  00  16
6.09080  a0  50
6.09108  00  00
6.09135  e4  c8
6.09166  00  9c
6.09193  b2  6a
6.09224  00  5a
6.09251  00  02
6.09277  00  46

6.13849  90  00
6.13878  00  00
6.13905  00  90
6.13932  0a  00
6.13959  00  aa
6.13985  b0  00
6.14015  00  16
6.14042  00  16
6.14069  a0  50
6.14098  00  00
6.14125  e4  c8
6.14156  00  9c
6.14183  b2  6a
6.14212  00  5a
6.14241  00  02
6.14268  00  46

6.18837  90  00
6.18865  00  00
6.18893  00  90
6.18920  0a  00
6.18947  00  aa
6.18973  b0  00
6.19002  00  16
6.19030  00  16
6.19056  a0  50
6.19085  00  00
6.19112  e4  c8
6.19143  00  9c
6.19170  b2  6a
6.19201  00  5a
6.19229  00  02
6.19256  00  46

6.23825  90  00
6.23854  00  00
6.23881  00  90
6.23909  0a  00
6.23935  00  aa
6.23962  b0  00
6.23991  00  16
6.24018  00  16
6.24045  a0  50
6.24074  00  00
6.24101  e4  c8
6.24132  00  9c
6.24159  b2  6a
6.24189  00  5a
6.24218  00  02
6.24245  00  46

6.28813  90  00
6.28841  00  00
6.28869  00  90
6.28896  0a  00
6.28923  00  aa
6.28950  b0  00
6.28979  00  16
6.29006  00  16
6.29033  a0  50
6.29062  00  00
6.29089  e4  c8
6.29120  00  9c
6.29147  b2  6a
6.29176  00  5a
6.29203  00  02
6.29230  00  46

6.33801  90  00
6.33829  00  00
6.33857  00  90
6.33884  0a  00
6.33911  00  aa
6.33938  b0  00
6.33967  00  16
6.33994  00  16
6.34021  a0  50
6.34049  00  00
6.34076  e4  c8
6.34107  00  9c
6.34134  b2  6a
6.34164  00  5a
6.34190  00  02
6.34217  00  46

6.38790  90  00
6.38818  00  00
6.38846  00  90
6.38873  0a  00
6.38900  00  aa
6.38926  b0  00
6.38956  00  16
6.38983  00  16
6.39010  a0  50
6.39039  00  00
6.39066  e4  c8
6.39097  00  9c
6.39124  b2  6a
6.39153  00  5a
6.39182  00  02
6.39208  00  46

6.43778  90  00
6.43806  00  00
6.43834  00  90
6.43862  0a  00
6.43888  00  aa
6.43915  b0  00
6.43944  00  16
6.43970  00  16
6.43997  a0  50
6.44026  00  00
6.44053  e4  c8

6.44182  00  9c
6.44209  b2  6a
6.44239  00  5a
6.44265  00  02
6.44292  00  46

6.48766  90  00
6.48795  00  00
6.48822  00  90
6.48849  0a  00
6.48876  00  aa
6.48903  b0  00
6.48931  00  16
6.48958  00  16
6.48985  a0  50
6.49014  00  00
6.49041  e4  c8
6.49072  00  9c
6.49099  b2  6a
6.49129  00  5a
6.49158  00  02
6.49185  00  46

6.53754  90  00
6.53783  00  00
6.53810  00  90
6.53838  0a  00
6.53864  00  aa
6.53891  b0  00
6.53920  00  16
6.53947  00  16
6.53974  a0  50
6.54003  00  00
6.54030  e4  c8
6.54061  00  9c
6.54088  b2  6a
6.54118  00  5a
6.54146  00  02
6.54173  00  46

6.58742  90  00
6.58771  00  00
6.58798  00  90
6.58826  0a  00
6.58853  00  aa
6.58879  b0  00
6.58909  00  16
6.58935  00  16
6.58962  a0  50
6.58990  00  00
6.59017  e4  c8
6.59048  00  9c
6.59075  b2  6a
6.59105  00  5a
6.59131  00  02
6.59158  00  46

6.63730  90  00
6.63758  00  00
6.63786  00  90
6.63813  0a  00
6.63840  00  aa
6.63866  b0  00
6.63896  00  16
6.63923  00  16
6.63950  a0  50
6.63979  00  00
6.64006  e4  c8
6.64037  00  9c
6.64064  b2  6a
6.64094  00  5a
6.64122  00  02
6.64149  00  46

6.68718  90  00
6.68746  00  00
6.68774  00  90
6.68801  0a  00
6.68829  00  aa
6.68855  b0  00
6.68884  00  16
6.68911  00  16
6.68939  a0  50
6.68967  00  00
6.68994  e4  c8
6.69026  00  9c
6.69052  b2  6a
6.69083  00  5a
6.69111  00  02
6.69138  00  46

6.73707  90  00
6.73735  00  00
6.73763  00  90
6.73790  0a  00
6.73817  00  aa
6.73843  b0  00
6.73873  00  16
6.73900  00  16
6.73926  a0  50
6.73955  00  00
6.73982  e4  c8
6.74013  00  9c
6.74040  b2  6a
6.74070  00  5a
6.74096  00  02
6.74123  00  46

6.78695  90  00
6.78723  00  00
6.78750  00  90
6.78778  0a  00
6.78804  00  aa
6.78831  b0  00
6.78860  00  16
6.78887  00  16
6.78914  a0  50
6.78943  00  00
6.78970  e4  c8
6.79001  00  9c
6.79028  b2  6a
6.79058  00  5a
6.79087  00  02
6.79114  00  46

6.83683  90  00
6.83711  00  00
6.83739  00  90
6.83766  0a  00
6.83793  00  aa
6.83819  b0  00
6.83848  00  16
6.83875  00  16
6.83902  a0  50
6.83931  00  00
6.83958  e4  c8
6.83989  00  9c
6.84016  b2  6a
6.84047  00  5a
6.84075  00  02
6.84102  00  46

6.88671  90  00
6.88700  00  00
6.88727  00  90
6.88755  0a  00
6.88781  00  aa
6.88808  b0  00
6.88837  00  16
6.88864  00  16
6.88891  a0  50
6.88920  00  00
6.88947  e4  c8
6.88978  00  9c
6.89005  b2  6a
6.89035  00  5a
6.89064  00  02
6.89091  00  46

6.93659  90  00
6.93687  00  00
6.93715  00  90
6.93742  0a  00
6.93769  00  aa
6.93795  b0  00
6.93825  00  16
6.93852  00  16
6.93879  a0  50
6.93908  00  00
6.93935  e4  c8
6.93966  00  9c
6.93993  b2  6a
6.94022  00  5a
6.94049  00  02
6.94076  00  46

6.98647  90  00
6.98675  00  00
6.98703  00  90
6.98730  0a  00
6.98757  00  aa
6.98783  b0  00
6.98813  00  16
6.98840  00  16
6.98867  a0  50
6.98896  00  00
6.98923  e4  c8
6.98954  00  9c
6.98981  b2  6a
6.99011  00  5a
6.99039  00  02
6.99066  00  46

7.03635  90  00
7.03664  00  00
7.03692  00  90
7.03719  0a  00
7.03746  00  aa
7.03773  b0  00
7.03801  00  16
7.03828  00  16
7.03855  a0  50
7.03884  00  00
7.03911  e4  c8
7.03942  00  9c
7.03969  b2  6a
7.04000  00  5a
7.04028  00  02
7.04055  00  46

7.08624  90  00
7.08652  00  00
7.08680  00  90
7.08707  0a  00
7.08734  00  aa
7.08760  b0  00
7.08790  00  16
7.08817  00  16
7.08844  a0  50
7.08873  00  00
7.08900  e4  c8
7.08931  00  9c
7.08958  b2  6a
7.08988  00  5a
7.09016  00  02
7.09043  00  46

7.13612  90  00
7.13640  00  00
7.13668  00  90
7.13695  0a  00
7.13723  00  aa
7.13749  b0  00
7.13778  00  16
7.13805  00  16
7.13832  a0  50
7.13861  00  00
7.13888  e4  c8
7.13920  00  9c
7.13947  b2  6a
7.13976  00  5a
7.14004  00  02
7.14031  00  46

7.18600  90  00
7.18629  00  00
7.18656  00  90
7.18684  0a  00
7.18710  00  aa
7.18737  b0  00
7.18766  00  16
7.18793  00  16
7.18820  a0  50
7.18849  00  00
7.18876  e4  c8
7.18907  00  9c
7.18934  b2  6a
7.18964  00  5a
7.18992  00  02
7.19019  00  46

7.23588  90  00
7.23617  00  00
7.23644  00  90
7.23672  0a  00
7.23699  00  aa
7.23725  b0  00
7.23755  00  16
7.23781  00  16
7.23808  a0  50
7.23837  00  00
7.23864  e4  c8
7.23895  00  9c
7.23922  b2  6a
7.23952  00  5a
7.23981  00  02
7.24007  00  46

7.28576  90  00
7.28605  00  00
7.28632  00  90
7.28660  0a  00
7.28687  00  aa
7.28714  b0  00
7.28743  00  16
7.28770  00  16
7.28797  a0  50
7.28826  00  00
7.28853  e4  c8
7.28884  00  9c
7.28911  b2  6a
7.28941  00  5a
7.28968  00  02
7.28995  00  46

7.33564  90  00
7.33593  00  00
7.33621  00  90
7.33648  0a  00
7.33675  00  aa
7.33702  b0  00
7.33731  00  16
7.33757  00  16
7.33784  a0  50
7.33813  00  00
7.33840  e4  c8
7.33871  00  9c
7.33898  b2  6a
7.33929  00  5a
7.33957  00  02
7.33984  00  46

7.38552  90  00
7.38581  00  00
7.38608  00  90
7.38636  0a  00
7.38663  00  aa
7.38689  b0  00
7.38719  00  16
7.38746  00  16
7.38773  a0  50
7.38802  00  00
7.38829  e4  c8
7.38860  00  9c
7.38887  b2  6a
7.38917  00  5a
7.38945  00  02
7.38972  00  46

7.43541  90  00
7.43569  00  00
7.43597  00  90
7.43624  0a  00
7.43651  00  aa
7.43678  b0  00
7.43707  00  16
7.43734  00  16
7.43761  a0  50
7.43790  00  00
7.43817  e4  c8
7.43848  00  9c
7.43875  b2  6a
7.43905  00  5a
7.43933  00  02
7.43960  00  46

7.48529  90  00
7.48557  00  00
7.48585  00  90
7.48612  0a  00
7.48640  00  aa
7.48666  b0  00
7.48695  00  16
7.48722  00  16
7.48749  a0  50
7.48778  00  00
7.48805  e4  c8
7.48836  00  9c
7.48863  b2  6a
7.48893  00  5a
7.48921  00  02
7.48948  00  46

7.53517  90  00
7.53546  00  00
7.53573  00  90
7.53601  0a  00
7.53627  00  aa
7.53654  b0  00
7.53683  00  16
7.53710  00  16
7.53737  a0  50
7.53766  00  00
7.53793  e4  c8
7.53824  00  9c
7.53851  b2  6a
7.53881  00  5a
7.53909  00  02
7.53936  00  46

7.58505  90  00
7.58533  00  00
7.58561  00  90
7.58588  0a  00
7.58615  00  aa
7.58641  b0  00
7.58671  00  16
7.58698  00  16
7.58725  a0  50
7.58753  00  00
7.58780  e4  c8
7.58811  00  9c
7.58838  b2  6a
7.58868  00  5a
7.58894  00  02
7.58921  00  46

7.63493  90  00
7.63522  00  00
7.63550  00  90
7.63577  0a  00
7.63604  00  aa
7.63630  b0  00
7.63659  00  16
7.63686  00  16
7.63713  a0  50
7.63742  00  00
7.63769  e4  c8
7.63800  00  9c
7.63827  b2  6a
7.63857  00  5a
7.63886  00  02
7.63913  00  46

7.68481  90  00
7.68510  00  00
7.68538  00  90
7.68565  0a  00
7.68592  00  aa
7.68618  b0  00
7.68647  00  16
7.68674  00  16
7.68701  a0  50
7.68730  00  00
7.68757  e4  c8
7.68788  00  9c
7.68815  b2  6a
7.68846  00  5a
7.68874  00  02
7.68901  00  46

7.73469  90  00
7.73498  00  00
7.73526  00  90
7.73553  0a  00
7.73580  00  aa
7.73607  b0  00
7.73636  00  16
7.73663  00  16
7.73690  a0  50
7.73718  00  00
7.73745  e4  c8
7.73777  00  9c
7.73804  b2  6a
7.73833  00  5a
7.73862  00  02
7.73889  00  46

7.78458  90  00
7.78486  00  00
7.78514  00  90
7.78541  0a  00
7.78568  00  aa
7.78594  b0  00
7.78624  00  16
7.78651  00  16
7.78678  a0  50
7.78707  00  00
7.78734  e4  c8
7.78765  00  9c
7.78792  b2  6a
7.78821  00  5a
7.78850  00  02
7.78877  00  46

7.83446  90  00
7.83475  00  00
7.83502  00  90
7.83529  0a  00
7.83557  00  aa
7.83583  b0  00
7.83613  00  16
7.83640  00  16
7.83667  a0  50
7.83695  00  00
7.83722  e4  c8
7.83753  00  9c
7.83780  b2  6a
7.83810  00  5a
7.83838  00  02
7.83865  00  46

7.88434  90  00
7.88463  00  00
7.88490  00  90
7.88518  0a  00
7.88545  00  aa
7.88571  b0  00
7.88601  00  16
7.88628  00  16
7.88654  a0  50
7.88683  00  00
7.88710  e4  c8
7.88741  00  9c
7.88768  b2  6a
7.88798  00  5a
7.88826  00  02
7.88853  00  46

7.93422  90  00
7.93451  00  00
7.93478  00  90
7.93506  0a  00
7.93533  00  aa
7.93560  b0  00
7.93589  00  16
7.93616  00  16
7.93643  a0  50
7.93671  00  00
7.93698  e4  c8
7.93729  00  9c
7.93756  b2  6a
7.93786  00  5a
7.93814  00  02
7.93841  00  46

7.98410  90  00
7.98439  00  00
7.98467  00  90
7.98494  0a  00
7.98521  00  aa
7.98548  b0  00
7.98577  00  16
7.98603  00  16
7.98630  a0  50
7.98659  00  00
7.98685  e4  c8
7.98717  00  9c
7.98744  b2  6a
7.98773  00  5a
7.98800  00  02
7.98827  00  46

8.03398  90  00
8.03426  00  00
8.03454  00  90
8.03481  0a  00
8.03508  00  aa
8.03535  b0  00
8.03564  00  16
8.03591  00  16
8.03618  a0  50
8.03647  00  00
8.03674  e4  c8
8.03705  00  9c
8.03732  b2  6a
8.03762  00  5a
8.03790  00  02
8.03817  00  46

8.08387  90  00
8.08415  00  00
8.08443  00  90
8.08470  0a  00
8.08497  00  aa
8.08523  b0  00
8.08553  00  16
8.08580  00  16
8.08607  a0  50
8.08636  00  00
8.08663  e4  c8
8.08694  00  9c
8.08721  b2  6a
8.08751  00  5a
8.08779  00  02
8.08806  00  46

8.13375  90  00
8.13403  00  00
8.13431  00  90
8.13458  0a  00
8.13485  00  aa
8.13511  b0  00
8.13541  00  16
8.13568  00  16
8.13594  a0  50
8.13623  00  00
8.13650  e4  c8
8.13681  00  9c
8.13708  b2  6a
8.13738  00  5a
8.13767  00  02
8.13794  00  46

8.18363  90  00
8.18391  00  00
8.18419  00  90
8.18446  0a  00
8.18473  00  aa
8.18500  b0  00
8.18529  00  16
8.18556  00  16
8.18583  a0  50
8.18611  00  00
8.18638  e4  c8
8.18669  00  9c
8.18696  b2  6a
8.18725  00  5a
8.18752  00  02
8.18779  00  46

8.23351  90  00
8.23380  00  00
8.23407  00  90
8.23435  0a  00
8.23461  00  aa
8.23488  b0  00
8.23517  00  16
8.23544  00  16
8.23571  a0  50
8.23600  00  00
8.23627  e4  c8
8.23658  00  9c
8.23685  b2  6a
8.23715  00  5a
8.23743  00  02
8.23770  00  46

8.28339  90  00
8.28368  00  00
8.28395  00  90
8.28423  0a  00
8.28449  00  aa
8.28476  b0  00
8.28505  00  16
8.28532  00  16
8.28559  a0  50
8.28588  00  00
8.28615  e4  c8
8.28646  00  9c
8.28673  b2  6a
8.28703  00  5a
8.28732  00  02
8.28759  00  46

8.33327  90  00
8.33356  00  00
8.33384  00  90
8.33411  0a  00
8.33438  00  aa
8.33465  b0  00
8.33494  00  16
8.33521  00  16
8.33548  a0  50
8.33577  00  00
8.33604  e4  c8
8.33635  00  9c
8.33662  b2  6a
8.33692  00  5a
8.33720  00  02
8.33747  00  46

8.38315  90  00
8.38344  00  00
8.38372  00  90
8.38399  0a  00
8.38426  00  aa
8.38452  b0  00
8.38481  00  16
8.38508  00  16
8.38536  a0  50
8.38564  00  00
8.38591  e4  c8
8.38623  00  9c
8.38650  b2  6a
8.38680  00  5a
8.38708  00  02
8.38735  00  46

8.43304  90  00
8.43332  00  00
8.43360  00  90
8.43387  0a  00
8.43414  00  aa
8.43441  b0  00
8.43470  00  16
8.43497  00  16
8.43524  a0  50
8.43553  00  00
8.43580  e4  c8
8.43611  00  9c
8.43638  b2  6a
8.43668  00  5a
8.43696  00  02
8.43723  00  46

8.48292  90  00
8.48320  00  00
8.48348  00  90
8.48375  0a  00
8.48403  00  aa
8.48429  b0  00
8.48458  00  16
8.48485  00  16
8.48512  a0  50
8.48541  00  00
8.48568  e4  c8
8.48600  00  9c
8.48627  b2  6a
8.48657  00  5a
8.48684  00  02
8.48711  00  46

8.53280  90  00
8.53309  00  00
8.53336  00  90
8.53364  0a  00
8.53390  00  aa
8.53417  b0  00
8.53446  00  16
8.53473  00  16
8.53500  a0  50
8.53529  00  00
8.53556  e4  c8
8.53587  00  9c
8.53614  b2  6a
8.53644  00  5a
8.53672  00  02
8.53699  00  46

8.58268  90  00
8.58297  00  00
8.58324  00  90
8.58352  0a  00
8.58379  00  aa
8.58405  b0  00
8.58435  00  16
8.58461  00  16
8.58488  a0  50
8.58517  00  00
8.58544  e4  c8
8.58575  00  9c
8.58602  b2  6a
8.58632  00  5a
8.58660  00  02
8.58687  00  46

8.63256  90  00
8.63285  00  00
8.63313  00  90
8.63340  0a  00
8.63367  00  aa
8.63394  b0  00
8.63423  00  16
8.63450  00  16
8.63477  a0  50
8.63506  00  00
8.63533  e4  c8
8.63564  00  9c
8.63591  b2  6a
8.63621  00  5a
8.63648  00  02
8.63675  00  46

8.68244  90  00
8.68273  00  00
8.68301  00  90
8.68328  0a  00
8.68355  00  aa
8.68382  b0  00
8.68411  00  16
8.68438  00  16
8.68465  a0  50
8.68494  00  00
8.68521  e4  c8
8.68552  00  9c
8.68579  b2  6a
8.68609  00  5a
8.68637  00  02
8.68664  00  46

8.73232  90  00
8.73261  00  00
8.73288  00  90
8.73316  0a  00
8.73342  00  aa
8.73369  b0  00
8.73398  00  16
8.73425  00  16
8.73452  a0  50
8.73481  00  00
8.73508  e4  c8
8.73539  00  9c
8.73566  b2  6a
8.73596  00  5a
8.73624  00  02
8.73651  00  46

8.78221  90  00
8.78249  00  00
8.78276  00  90
8.78304  0a  00
8.78331  00  aa
8.78357  b0  00
8.78386  00  16
8.78413  00  16
8.78440  a0  50
8.78469  00  00
8.78496  e4  c8
8.78527  00  9c
8.78554  b2  6a
8.78584  00  5a
8.78613  00  02
8.78640  00  46

8.83209  90  00
8.83238  00  00
8.83265  00  90
8.83292  0a  00
8.83319  00  aa
8.83345  b0  00
8.83375  00  16
8.83402  00  16
8.83428  a0  50
8.83457  00  00
8.83484  e4  c8
8.83515  00  9c
8.83542  b2  6a
8.83572  00  5a
8.83598  00  02
8.83625  00  46

8.88197  90  00
8.88225  00  00
8.88253  00  90
8.88280  0a  00
8.88307  00  aa
8.88334  b0  00
8.88363  00  16
8.88390  00  16
8.88417  a0  50
8.88446  00  00
8.88473  e4  c8
8.88504  00  9c
8.88531  b2  6a
8.88561  00  5a
8.88589  00  02
8.88615  00  46

8.93185  90  00
8.93213  00  00
8.93241  00  90
8.93268  0a  00
8.93295  00  aa
8.93321  b0  00
8.93351  00  16
8.93378  00  16
8.93405  a0  50
8.93433  00  00
8.93460  e4  c8
8.93491  00  9c
8.93518  b2  6a
8.93548  00  5a
8.93575  00  02
8.93602  00  46

8.98173  90  00
8.98202  00  00
8.98230  00  90
8.98257  0a  00
8.98284  00  aa
8.98310  b0  00
8.98339  00  16
8.98366  00  16
8.98393  a0  50
8.98422  00  00
8.98449  e4  c8
8.98480  00  9c
8.98507  b2  6a
8.98537  00  5a
8.98566  00  02
8.98593  00  46

9.03161  90  00
9.03189  00  00
9.03217  00  90
9.03244  0a  00
9.03271  00  aa
9.03298  b0  00
9.03327  00  16
9.03354  00  16
9.03381  a0  50
9.03409  00  00
9.03436  e4  c8
9.03467  00  9c
9.03494  b2  6a
9.03525  00  5a
9.03551  00  02
9.03578  00  46

9.08150  90  00
9.08178  00  00
9.08206  00  90
9.08233  0a  00
9.08260  00  aa
9.08286  b0  00
9.08316  00  16
9.08343  00  16
9.08370  a0  50
9.08399  00  00
9.08426  e4  c8
9.08457  00  9c
9.08484  b2  6a
9.08514  00  5a
9.08542  00  02
9.08569  00  46

9.13138  90  00
9.13166  00  00
9.13193  00  90
9.13221  0a  00
9.13248  00  aa
9.13274  b0  00
9.13303  00  16
9.13330  00  16
9.13357  a0  50
9.13386  00  00
9.13413  e4  c8
9.13444  00  9c
9.13471  b2  6a
9.13501  00  5a
9.13530  00  02
9.13557  00  46

9.18126  90  00
9.18154  00  00
9.18182  00  90
9.18209  0a  00
9.18236  00  aa
9.18262  b0  00
9.18291  00  16
9.18318  00  16
9.18345  a0  50
9.18374  00  00
9.18401  e4  c8
9.18432  00  9c
9.18459  b2  6a
9.18490  00  5a
9.18518  00  02
9.18545  00  46

9.23114  90  00
9.23143  00  00
9.23170  00  90
9.23198  0a  00
9.23224  00  aa
9.23251  b0  00
9.23280  00  16
9.23307  00  16
9.23334  a0  50
9.23363  00  00
9.23390  e4  c8
9.23421  00  9c
9.23448  b2  6a
9.23478  00  5a
9.23507  00  02
9.23534  00  46

9.28102  90  00
9.28131  00  00
9.28158  00  90
9.28186  0a  00
9.28213  00  aa
9.28240  b0  00
9.28269  00  16
9.28295  00  16
9.28322  a0  50
9.28351  00  00
9.28378  e4  c8
9.28409  00  9c
9.28436  b2  6a
9.28466  00  5a
9.28495  00  02
9.28522  00  46

9.33090  90  00
9.33119  00  00
9.33147  00  90
9.33174  0a  00
9.33201  00  aa
9.33227  b0  00
9.33256  00  16
9.33283  00  16
9.33310  a0  50
9.33339  00  00
9.33366  e4  c8
9.33397  00  9c
9.33424  b2  6a
9.33455  00  5a
9.33483  00  02
9.33510  00  46

9.38078  90  00
9.38107  00  00
9.38135  00  90
9.38162  0a  00
9.38189  00  aa
9.38216  b0  00
9.38245  00  16
9.38272  00  16
9.38299  a0  50
9.38328  00  00
9.38355  e4  c8
9.38386  00  9c
9.38413  b2  6a
9.38442  00  5a
9.38471  00  02
9.38497  00  46

9.42592  c0  00
9.42621  00  00
9.42648  00  00
9.42676  90  00
9.42705  00  00
9.42732  00  90
9.42761  07  00
9.42809  0e  07
9.42836  0f  0e

9.43181  90  0f
9.43209  00  00
9.43237  00  90
