# time   MOSI  MISO
0.00015  00  08
0.00093  0a  00
0.00120  00  aa
0.00149  0a  00
0.00177  00  aa
0.00203  80  00
0.00234  0a  81
0.00262  99  87
0.00290  01  00
0.00317  00  c8
0.00344  00  00
0.00371  00  c8
0.00399  00  00
0.00425  00  00
0.00455  b0  00
0.00483  00  16
0.00510  00  16
0.00537  a0  50
0.00566  00  00
0.00593  e4  c8
0.00625  00  9c
0.00651  00  6a
0.00690  50  00
0.00718  2f  50
0.00746  90  50
0.00774  00  00
0.00801  00  80
0.00828  0c  00

0.01841  90  0c
0.01870  00  00
0.01898  00  80
0.01925  0a  00
0.01952  00  aa
0.01979  b0  00
0.02008  00  16
0.02035  00  16
0.02062  a0  50
0.02091  00  00
0.02118  e4  c8
0.02149  00  9c
0.02176  b2  6a
0.02206  00  5a
0.02233  00  01
0.02260  00  35

0.06520  f0  00
0.06548  b0  0d
0.06577  00  16
0.06603  00  16
0.06630  00  50
0.06660  c0  00
0.06689  00  00
0.06718  00  00

0.11650  e0  00
0.11681  00  c2
0.11707  ea  9e
0.11740  00  21
0.11767  00  48
0.11794  00  00
0.11821  00  00
0.11848  00  00
0.11876  e8  00
0.11908  00  21
0.11935  00  66
0.11962  00  00
0.11989  00  00
0.12016  00  00
0.12043  00  00
0.12073  f8  00
0.12104  fc  ba
0.12134  fa  c6
0.12163  fe  bd
0.12193  00  ca
0.12265  90  00
0.12294  00  00
0.12342  00  80
0.12416  b0  00
0.12446  7f  16
0.12472  ff  16
0.12499  0a  50
0.12526  00  aa
0.12552  b0  00
0.12581  00  16
0.12607  00  16
0.12634  a0  50
0.12663  00  00
0.12690  e4  c8
0.12721  00  9c
0.12748  b2  6a
0.12779  00  5a
0.12805  00  01
0.12831  00  35

0.13028  f0  00
0.13057  b0  0d
0.13086  00  16
0.13113  00  16
0.13140  00  50
0.13170  c0  00
0.13201  00  00
0.13228  00  00

0.18207  e0  00
0.18238  00  c2
0.18265  ea  9e
0.18299  00  21
0.18326  00  48
0.18353  00  00
0.18380  00  00
0.18407  00  00
0.18435  e8  00
0.18467  00  21
0.18494  00  66
0.18521  00  00
0.18548  00  00
0.18575  00  00
0.18602  00  00
0.18633  f8  00
0.18662  fc  ba
0.18691  fa  c6
0.18721  fe  bd
0.18751  00  ca
0.18792  90  00
0.18821  00  00
0.18848  00  80
0.18875  b0  00
0.18904  7f  16
0.18930  ff  16
0.18957  0a  50
0.18984  00  aa
0.19011  b0  00
0.19041  00  16
0.19068  00  16
0.19097  a0  50
0.19125  00  00
0.19152  e4  c8
0.19184  00  9c
0.19211  b2  6a
0.19241  00  5a
0.19267  00  01
0.19297  00  35

0.19487  f0  00
0.19516  b0  0d
0.19545  00  16
0.19571  00  16
0.19598  00  50
0.19628  c0  00
0.19656  00  00
0.19685  00  00

0.24623  e0  00
0.24654  00  c2
0.24682  ea  9e
0.24714  00  21
0.24741  00  48
0.24768  00  00
0.24806  00  00
0.24833  00  00
0.24861  e8  00
0.24893  00  21
0.24920  00  66
0.24947  00  00
0.24974  00  00
0.25001  00  00
0.25028  00  00
0.25059  f8  00
0.25088  fc  ba
0.25118  fa  c6
0.25147  fe  bd
0.25178  00  ca
0.25219  90  00
0.25247  00  00
0.25275  00  80
0.25301  b0  00
0.25330  7f  16
0.25357  ff  16
0.25386  0a  50
0.25413  00  aa
0.25440  b0  00
0.25470  00  16
0.25497  00  16
0.25524  a0  50
0.25553  00  00
0.25580  e4  c8
0.25612  00  9c
0.25639  b2  6a
0.25670  00  5a
0.25697  00  01
0.25724  00  35

0.25917  f0  00
0.25945  b0  0d
0.25974  00  16
0.26001  00  16
0.26028  00  50
0.26058  c0  00
0.26087  00  00
0.26113  00  00

0.31087  e0  00
0.31118  00  c2
0.31145  ea  9e
0.31177  00  21
0.31204  00  48
0.31231  00  00
0.31258  00  00
0.31285  00  00
0.31313  e8  00
0.31345  00  21
0.31372  00  66
0.31399  00  00
0.31426  00  00
0.31455  00  00
0.31483  00  00
0.31514  f8  00
0.31543  fc  ba
0.31572  fa  c6
0.31602  fe  bd
0.31632  00  ca
0.31676  90  00
0.31704  00  00
0.31731  00  80
0.31758  b0  00
0.31787  7f  16
0.31814  ff  16
0.31841  0a  50
0.31868  00  aa
0.31894  b0  00
0.31924  00  16
0.31950  00  16
0.31977  a0  50
0.32006  00  00
0.32033  e4  c8
0.32064  00  9c
0.32091  b2  6a
0.32121  00  5a
0.32148  00  01
0.32175  00  35

0.32368  f0  00
0.32396  b0  0d
0.32425  00  16
0.32453  00  16
0.32480  00  50
0.32510  c0  00
0.32539  00  00
0.32565  00  00

0.37503  e0  00
0.37534  00  c2
0.37560  ea  9e
0.37592  00  21
0.37619  00  48
0.37646  00  00
0.37673  00  00
0.37700  00  00
0.37728  e8  00
0.37760  00  21
0.37787  00  66
0.37814  00  00
0.37841  00  00
0.37868  00  00
0.37895  00  00
0.37926  f8  00
0.37955  fc  ba
0.37985  fa  c6
0.38014  fe  bd
0.38045  00  ca
0.38086  90  00
0.38115  00  00
0.38142  00  80
0.38169  b0  00
0.38198  7f  16
0.38225  ff  16
0.38254  0a  50
0.38281  00  aa
0.38307  b0  00
0.38338  00  16
0.38365  00  16
0.38392  a0  50
0.38421  00  00
0.38448  e4  c8
0.38480  00  9c
0.38507  b2  6a
0.38538  00  5a
0.38565  00  01
0.38592  00  35

0.38784  f0  00
0.38813  b0  0d
0.38842  00  16
0.38868  00  16
0.38895  00  50
0.38925  c0  00
0.38954  00  00
0.38981  00  00

0.43918  e0  00
0.43949  00  c2
0.43976  ea  9e
0.44008  00  21
0.44035  00  48
0.44062  00  00
0.44089  00  00
0.44116  00  00
0.44143  e8  00
0.44175  00  21
0.44202  00  66
0.44229  00  00
0.44256  00  00
0.44283  00  00
0.44311  00  00
0.44344  f8  00
0.44372  fc  ba
0.44402  fa  c6
0.44433  fe  bd
0.44463  00  ca
0.44505  90  00
0.44533  00  00
0.44560  00  80
0.44587  b0  00
0.44616  7f  16
0.44642  ff  16
0.44669  0a  50
0.44696  00  aa
0.44735  b0  00
0.44764  00  16
0.44790  00  16
0.44818  a0  50
0.44846  00  00
0.44873  e4  c8
0.44904  00  9c
0.44931  b2  6a
0.44961  00  5a
0.44988  00  01
0.45015  00  35

0.45208  f0  00
0.45236  b0  0d
0.45265  00  16
0.45291  00  16
0.45320  00  50
0.45350  c0  00
0.45379  00  00
0.45406  00  00

0.50382  e0  00
0.50413  00  c2
0.50440  ea  9e
0.50472  00  21
0.50499  00  48
0.50526  00  00
0.50553  00  00
0.50580  00  00
0.50607  e8  00
0.50640  00  21
0.50667  00  66
0.50693  00  00
0.50721  00  00
0.50748  00  00
0.50775  00  00
0.50807  f8  00
0.50836  fc  ba
0.50865  fa  c6
0.50895  fe  bd
0.50925  00  ca
0.50966  90  00
0.50994  00  00
0.51022  00  80
0.51049  b0  00
0.51078  7f  16
0.51106  ff  16
0.51133  0a  50
0.51161  00  aa
0.51187  b0  00
0.51216  00  16
0.51243  00  16
0.51270  a0  50
0.51299  00  00
0.51326  e4  c8
0.51357  00  9c
0.51384  b2  6a
0.51415  00  5a
0.51442  00  01
0.51469  00  35

0.51661  f0  00
0.51690  b0  0d
0.51719  00  16
0.51746  00  16
0.51773  00  50
0.51804  c0  00
0.51833  00  00
0.51860  00  00

0.56772  e0  00
0.56803  00  c2
0.56830  ea  9e
0.56862  00  21
0.56891  00  48
0.56918  00  00
0.56945  00  00
0.56972  00  00
0.57002  e8  00
0.57034  00  21
0.57061  00  66
0.57088  00  00
0.57114  00  00
0.57141  00  00
0.57169  00  00
0.57202  f8  00
0.57231  fc  ba
0.57260  fa  c6
0.57291  fe  bd
0.57321  00  ca
0.57362  90  00
0.57391  00  00
0.57418  00  80
0.57445  b0  00
0.57474  7f  16
0.57500  ff  16
0.57527  0a  50
0.57554  00  aa
0.57580  b0  00
0.57609  00  16
0.57636  00  16
0.57663  a0  50
0.57692  00  00
0.57719  e4  c8
0.57751  00  9c
0.57778  b2  6a
0.57808  00  5a
0.57835  00  01
0.57862  00  35

0.58054  f0  00
0.58083  b0  0d
0.58112  00  16
0.58139  00  16
0.58166  00  50
0.58196  c0  00
0.58225  00  00
0.58251  00  00

0.63227  e0  00
0.63257  00  c2
0.63285  ea  9e
0.63318  00  21
0.63345  00  48
0.63372  00  00
0.63399  00  00
0.63426  00  00
0.63453  e8  00
0.63485  00  21
0.63512  00  66
0.63539  00  00
0.63566  00  00
0.63593  00  00
0.63621  00  00
0.63652  f8  00
0.63680  fc  ba
0.63710  fa  c6
0.63740  fe  bd
0.63770  00  ca
0.63813  90  00
0.63842  00  00
0.63870  00  80
0.63898  b0  00
0.63927  7f  16
0.63954  ff  16
0.63981  0a  50
0.64008  00  aa
0.64034  b0  00
0.64063  00  16
0.64090  00  16
0.64117  a0  50
0.64146  00  00
0.64173  e4  c8
0.64204  00  9c
0.64231  b2  6a
0.64260  00  5a
0.64287  00  01
0.64314  00  35

0.64506  f0  00
0.64535  b0  0d
0.64564  00  16
0.64591  00  16
0.64618  00  50
0.64648  c0  00
0.64685  00  00
0.64711  00  00

0.69672  e0  00
0.69703  00  c2
0.69730  ea  9e
0.69763  00  21
0.69790  00  48
0.69817  00  00
0.69844  00  00
0.69871  00  00
0.69899  e8  00
0.69931  00  21
0.69959  00  66
0.69986  00  00
0.70013  00  00
0.70040  00  00
0.70069  00  00
0.70099  f8  00
0.70128  fc  ba
0.70158  fa  c6
0.70188  fe  bd
0.70218  00  ca
0.70259  90  00
0.70288  00  00
0.70316  00  80
0.70342  b0  00
0.70372  7f  16
0.70399  ff  16
0.70426  0a  50
0.70453  00  aa
0.70480  b0  00
0.70509  00  16
0.70536  00  16
0.70563  a0  50
0.70592  00  00
0.70619  e4  c8
0.70650  00  9c
0.70677  b2  6a
0.70707  00  5a
0.70734  00  01
0.70761  00  35

0.70951  f0  00
0.70980  b0  0d
0.71009  00  16
0.71035  00  16
0.71062  00  50
0.71092  c0  00
0.71121  00  00
0.71147  00  00

0.76115  e0  00
0.76145  00  c2
0.76172  ea  9e
0.76204  00  21
0.76232  00  48
0.76259  00  00
0.76286  00  00
0.76313  00  00
0.76342  e8  00
0.76374  00  21
0.76401  00  66
0.76428  00  00
0.76455  00  00
0.76482  00  00
0.76510  00  00
0.76542  f8  00
0.76570  fc  ba
0.76600  fa  c6
0.76630  fe  bd
0.76659  00  ca
0.76701  90  00
0.76729  00  00
0.76756  00  80
0.76783  b0  00
0.76812  7f  16
0.76841  ff  16
0.76868  0a  50
0.76895  00  aa
0.76922  b0  00
0.76951  00  16
0.76978  00  16
0.77005  a0  50
0.77034  00  00
0.77061  e4  c8
0.77092  00  9c
0.77119  b2  6a
0.77150  00  5a
0.77177  00  01
0.77204  00  35

0.77397  f0  00
0.77426  b0  0d
0.77455  00  16
0.77481  00  16
0.77508  00  50
0.77540  c0  00
0.77568  00  00
0.77595  00  00

0.82514  e0  00
0.82545  00  c2
0.82571  ea  9e
0.82604  00  21
0.82631  00  48
0.82658  00  00
0.82685  00  00
0.82712  00  00
0.82740  e8  00
0.82772  00  21
0.82799  00  66
0.82826  00  00
0.82853  00  00
0.82880  00  00
0.82908  00  00
0.82941  f8  00
0.82970  fc  ba
0.82999  fa  c6
0.83029  fe  bd
0.83059  00  ca
0.83100  90  00
0.83128  00  00
0.83156  00  80
0.83183  b0  00
0.83212  7f  16
0.83238  ff  16
0.83266  0a  50
0.83292  00  aa
0.83319  b0  00
0.83348  00  16
0.83375  00  16
0.83402  a0  50
0.83431  00  00
0.83458  e4  c8
0.83489  00  9c
0.83516  b2  6a
0.83545  00  5a
0.83572  00  01
0.83599  00  35

0.83792  f0  00
0.83820  b0  0d
0.83849  00  16
0.83876  00  16
0.83903  00  50
0.83935  c0  00
0.83964  00  00
0.83991  00  00

0.85607  90  00
0.85635  00  00
0.85663  00  80
0.85707  90  00
0.85735  00  00
0.85763  00  80
0.85846  13  00
0.85872  25  13

0.90054  90  13
0.90082  00  00
0.90110  00  83
0.90164  07  00

0.90382  07  07
0.90418  90  07
0.90446  00  00
0.90474  00  83

0.97815  13  00
0.97841  80  13

1.01980  90  13
1.02009  00  00
1.02037  00  80

1.02941  0e  00
1.02968  0f  0e

1.03157  f0  0f
1.03186  b0  0d
1.03215  00  16
1.03241  00  16
1.03268  00  50
1.03301  c0  00
1.03329  00  00
1.03356  00  00

1.08281  e0  00
1.08312  00  c2
1.08339  ea  9e
1.08372  00  21
1.08399  00  48
1.08426  00  00
1.08453  00  00
1.08481  00  00
1.08508  e8  00
1.08540  00  21
1.08567  00  66
1.08594  00  00
1.08621  00  00
1.08648  00  00
1.08676  00  00
1.08707  f8  00
1.08735  fc  ba
1.08765  fa  c6
1.08794  fe  bd
1.08825  00  ca
1.08866  90  00
1.08894  00  00
1.08922  00  80
1.08949  b0  00
1.08978  7f  16
1.09004  ff  16
1.09031  0a  50
1.09061  00  aa
1.09087  b0  00
1.09116  00  16
1.09143  00  16
1.09170  a0  50
1.09199  00  00
1.09226  e4  c8
1.09257  00  9c
1.09284  b2  6a
1.09314  00  5a
1.09340  00  01
1.09367  00  35
1.09455  90  00
1.09483  00  00
1.09511  00  80
1.09538  0a  00
1.09572  00  aa
1.09598  b0  00
1.09628  00  16
1.09655  00  16
1.09682  a0  50
1.09710  00  00
1.09737  e4  c8
1.09771  00  9c
1.09798  b2  6a
1.09828  00  5a
1.09855  00  01
1.09882  00  35

1.11688  c0  00
1.11717  00  00
1.11744  00  00
1.11772  90  00
1.11800  00  00
1.11827  00  80
1.11858  07  00
1.11901  0e  07
1.11928  0f  0e

1.14579  90  0f
1.14608  00  00
1.14636  00  80
1.14665  0a  00
1.14693  00  aa
1.14719  b0  00
1.14748  00  16
1.14775  00  16
1.14802  a0  50
1.14831  00  00
1.14858  e4  c8
1.14889  00  9c
1.14916  b2  6a
1.14946  00  5a
1.14972  00  01
1.14999  00  35

1.19567  90  00
1.19596  00  00
1.19624  00  80
1.19653  0a  00
1.19680  00  aa
1.19706  b0  00
1.19736  00  16
1.19762  00  16
1.19789  a0  50
1.19818  00  00
1.19845  e4  c8
1.19876  00  9c
1.19903  b2  6a
1.19933  00  5a
1.19959  00  01
1.19986  00  35

1.24555  90  00
1.24583  00  00
1.24611  00  80
1.24641  0a  00
1.24667  00  aa
1.24694  b0  00
1.24723  00  16
1.24749  00  16
1.24776  a0  50
1.24805  00  00
1.24832  e4  c8
1.24864  00  9c
1.24891  b2  6a
1.24921  00  5a
1.24948  00  01
1.24975  00  35

1.29542  90  00
1.29570  00  00
1.29598  00  80
1.29627  0a  00
1.29654  00  aa
1.29681  b0  00
1.29709  00  16
1.29736  00  16
1.29763  a0  50
1.29792  00  00
1.29818  e4  c8
1.29850  00  9c
1.29877  b2  6a
1.29908  00  5a
1.29935  00  01
1.29962  00  35

1.34530  90  00
1.34558  00  00
1.34586  00  80
1.34615  0a  00
1.34642  00  aa
1.34669  b0  00
1.34698  00  16
1.34724  00  16
1.34751  a0  50
1.34780  00  00
1.34807  e4  c8
1.34838  00  9c
1.34865  b2  6a
1.34895  00  5a
1.34922  00  01
1.34949  00  35

1.39517  90  00
1.39546  00  00
1.39573  00  80
1.39603  0a  00
1.39630  00  aa
1.39656  b0  00
1.39685  00  16
1.39712  00  16
1.39738  a0  50
1.39767  00  00
1.39794  e4  c8
1.39825  00  9c
1.39852  b2  6a
1.39883  00  5a
1.39910  00  01
1.39937  00  35

1.44505  90  00
1.44533  00  00
1.44561  00  80
1.44590  0a  00
1.44618  00  aa
1.44644  b0  00
1.44674  00  16
1.44700  00  16
1.44727  a0  50
1.44755  00  00
1.44782  e4  c8
1.44814  00  9c
1.44841  b2  6a
1.44870  00  5a
1.44897  00  01
1.44924  00  35

1.49492  90  00
1.49521  00  00
1.49548  00  80
1.49578  0a  00
1.49605  00  aa
1.49631  b0  00
1.49660  00  16
1.49687  00  16
1.49714  a0  50
1.49743  00  00
1.49770  e4  c8
1.49801  00  9c
1.49828  b2  6a
1.49858  00  5a
1.49884  00  01
1.49910  00  35

1.54479  90  00
1.54508  00  00
1.54536  00  80
1.54565  0a  00
1.54593  00  aa
1.54619  b0  00
1.54648  00  16
1.54675  00  16
1.54702  a0  50
1.54731  00  00
1.54757  e4  c8
1.54789  00  9c
1.54816  b2  6a
1.54845  00  5a
1.54872  00  01
1.54899  00  35

1.59467  90  00
1.59496  00  00
1.59523  00  80
1.59553  0a  00
1.59580  00  aa
1.59606  b0  00
1.59635  00  16
1.59662  00  16
1.59689  a0  50
1.59717  00  00
1.59745  e4  c8
1.59776  00  9c
1.59803  b2  6a
1.59832  00  5a
1.59859  00  01
1.59886  00  35

1.64454  90  00
1.64482  00  00
1.64510  00  80
1.64540  0a  00
1.64566  00  aa
1.64593  b0  00
1.64621  00  16
1.64649  00  16
1.64675  a0  50
1.64704  00  00
1.64731  e4  c8
1.64762  00  9c
1.64789  b2  6a
1.64820  00  5a
1.64846  00  01
1.64873  00  35

1.69442  90  00
1.69471  00  00
1.69498  00  80
1.69528  0a  00
1.69554  00  aa
1.69581  b0  00
1.69610  00  16
1.69636  00  16
1.69664  a0  50
1.69692  00  00
1.69719  e4  c8
1.69751  00  9c
1.69778  b2  6a
1.69807  00  5a
1.69834  00  01
1.69861  00  35

1.74429  90  00
1.74457  00  00
1.74485  00  80
1.74515  0a  00
1.74542  00  aa
1.74568  b0  00
1.74598  00  16
1.74625  00  16
1.74652  a0  50
1.74681  00  00
1.74707  e4  c8
1.74739  00  9c
1.74766  b2  6a
1.74795  00  5a
1.74822  00  01
1.74849  00  35

1.79421  90  00
1.79449  00  00
1.79477  00  80
1.79506  0a  00
1.79533  00  aa
1.79559  b0  00
1.79588  00  16
1.79615  00  16
1.79642  a0  50
1.79671  00  00
1.79698  e4  c8
1.79729  00  9c
1.79756  b2  6a
1.79786  00  5a
1.79813  00  01
1.79840  00  35

1.84408  90  00
1.84437  00  00
1.84465  00  80
1.84494  0a  00
1.84521  00  aa
1.84548  b0  00
1.84577  00  16
1.84603  00  16
1.84630  a0  50
1.84659  00  00
1.84686  e4  c8
1.84717  00  9c
1.84744  b2  6a
1.84774  00  5a
1.84800  00  01
1.84827  00  35

1.89396  90  00
1.89424  00  00
1.89452  00  80
1.89481  0a  00
1.89508  00  aa
1.89535  b0  00
1.89563  00  16
1.89590  00  16
1.89617  a0  50
1.89646  00  00
1.89672  e4  c8
1.89704  00  9c
1.89731  b2  6a
1.89760  00  5a
1.89787  00  01
1.89814  00  35

1.94383  90  00
1.94412  00  00
1.94440  00  80
1.94469  0a  00
1.94496  00  aa
1.94523  b0  00
1.94551  00  16
1.94578  00  16
1.94605  a0  50
1.94634  00  00
1.94660  e4  c8
1.94691  00  9c
1.94718  b2  6a
1.94748  00  5a
1.94775  00  01
1.94802  00  35

1.99371  90  00
1.99400  00  00
1.99427  00  80
1.99457  0a  00
1.99484  00  aa
1.99510  b0  00
1.99539  00  16
1.99566  00  16
1.99593  a0  50
1.99622  00  00
1.99649  e4  c8
1.99680  00  9c
1.99707  b2  6a
1.99737  00  5a
1.99763  00  01
1.99790  00  35

2.04355  90  00
2.04384  00  00
2.04411  00  80
2.04441  0a  00
2.04468  00  aa
2.04494  b0  00
2.04523  00  16
2.04550  00  16
2.04577  a0  50
2.04606  00  00
2.04633  e4  c8
2.04664  00  9c
2.04691  b2  6a
2.04721  00  5a
2.04748  00  01
2.04775  00  35

2.09346  90  00
2.09374  00  00
2.09402  00  80
2.09431  0a  00
2.09458  00  aa
2.09484  b0  00
2.09513  00  16
2.09540  00  16
2.09567  a0  50
2.09595  00  00
2.09622  e4  c8
2.09653  00  9c
2.09680  b2  6a
2.09710  00  5a
2.09736  00  01
2.09763  00  35

2.14333  90  00
2.14361  00  00
2.14389  00  80
2.14419  0a  00
2.14445  00  aa
2.14472  b0  00
2.14500  00  16
2.14527  00  16
2.14554  a0  50
2.14583  00  00
2.14610  e4  c8
2.14641  00  9c
2.14668  b2  6a
2.14697  00  5a
2.14724  00  01
2.14751  00  35

2.19321  90  00
2.19349  00  00
2.19377  00  80
2.19407  0a  00
2.19433  00  aa
2.19460  b0  00
2.19489  00  16
2.19516  00  16
2.19543  a0  50
2.19572  00  00
2.19599  e4  c8
2.19630  00  9c
2.19657  b2  6a
2.19686  00  5a
2.19713  00  01
2.19740  00  35

2.24308  90  00
2.24336  00  00
2.24364  00  80
2.24393  0a  00
2.24420  00  aa
2.24447  b0  00
2.24476  00  16
2.24503  00  16
2.24530  a0  50
2.24559  00  00
2.24585  e4  c8
2.24616  00  9c
2.24643  b2  6a
2.24673  00  5a
2.24699  00  01
2.24726  00  35

2.29296  90  00
2.29324  00  00
2.29351  00  80
2.29381  0a  00
2.29408  00  aa
2.29434  b0  00
2.29464  00  16
2.29490  00  16
2.29517  a0  50
2.29546  00  00
2.29573  e4  c8
2.29604  00  9c
2.29631  b2  6a
2.29660  00  5a
2.29687  00  01
2.29714  00  35

2.34283  90  00
2.34312  00  00
2.34340  00  80
2.34369  0a  00
2.34396  00  aa
2.34422  b0  00
2.34451  00  16
2.34477  00  16
2.34504  a0  50
2.34533  00  00
2.34561  e4  c8
2.34592  00  9c
2.34619  b2  6a
2.34649  00  5a
2.34675  00  01
2.34701  00  35

2.39271  90  00
2.39299  00  00
2.39326  00  80
2.39356  0a  00
2.39383  00  aa
2.39409  b0  00
2.39439  00  16
2.39465  00  16
2.39492  a0  50
2.39521  00  00
2.39547  e4  c8
2.39579  00  9c
2.39606  b2  6a
2.39635  00  5a
2.39662  00  01
2.39689  00  35

2.44258  90  00
2.44287  00  00
2.44314  00  80
2.44344  0a  00
2.44371  00  aa
2.44397  b0  00
2.44426  00  16
2.44452  00  16
2.44479  a0  50
2.44508  00  00
2.44535  e4  c8
2.44566  00  9c
2.44593  b2  6a
2.44624  00  5a
2.44651  00  01
2.44678  00  35

2.49245  90  00
2.49274  00  00
2.49301  00  80
2.49331  0a  00
2.49358  00  aa
2.49384  b0  00
2.49413  00  16
2.49440  00  16
2.49467  a0  50
2.49496  00  00
2.49522  e4  c8
2.49554  00  9c
2.49581  b2  6a
2.49610  00  5a
2.49637  00  01
2.49664  00  35

2.54233  90  00
2.54262  00  00
2.54289  00  80
2.54319  0a  00
2.54346  00  aa
2.54372  b0  00
2.54401  00  16
2.54427  00  16
2.54454  a0  50
2.54483  00  00
2.54510  e4  c8
2.54541  00  9c
2.54568  b2  6a
2.54598  00  5a
2.54625  00  01
2.54652  00  35

2.59220  90  00
2.59249  00  00
2.59276  00  80
2.59306  0a  00
2.59333  00  aa
2.59359  b0  00
2.59388  00  16
2.59415  00  16
2.59442  a0  50
2.59471  00  00
2.59497  e4  c8
2.59529  00  9c
2.59556  b2  6a
2.59585  00  5a
2.59612  00  01
2.59639  00  35

2.64208  90  00
2.64236  00  00
2.64264  00  80
2.64293  0a  00
2.64320  00  aa
2.64346  b0  00
2.64376  00  16
2.64403  00  16
2.64430  a0  50
2.64459  00  00
2.64485  e4  c8
2.64516  00  9c
2.64543  b2  6a
2.64573  00  5a
2.64600  00  01
2.64627  00  35

2.69195  90  00
2.69223  00  00
2.69251  00  80
2.69281  0a  00
2.69307  00  aa
2.69334  b0  00
2.69363  00  16
2.69390  00  16
2.69417  a0  50
2.69446  00  00
2.69473  e4  c8
2.69503  00  9c
2.69530  b2  6a
2.69560  00  5a
2.69586  00  01
2.69613  00  35

2.74183  90  00
2.74211  00  00
2.74239  00  80
2.74268  0a  00
2.74295  00  aa
2.74322  b0  00
2.74350  00  16
2.74377  00  16
2.74404  a0  50
2.74432  00  00
2.74459  e4  c8
2.74491  00  9c
2.74517  b2  6a
2.74547  00  5a
2.74573  00  01
2.74600  00  35

2.79170  90  00
2.79199  00  00
2.79227  00  80
2.79256  0a  00
2.79283  00  aa
2.79310  b0  00
2.79339  00  16
2.79365  00  16
2.79392  a0  50
2.79421  00  00
2.79448  e4  c8
2.79479  00  9c
2.79506  b2  6a
2.79535  00  5a
2.79562  00  01
2.79589  00  35

2.84158  90  00
2.84186  00  00
2.84214  00  80
2.84243  0a  00
2.84270  00  aa
2.84296  b0  00
2.84325  00  16
2.84352  00  16
2.84379  a0  50
2.84407  00  00
2.84434  e4  c8
2.84465  00  9c
2.84492  b2  6a
2.84522  00  5a
2.84549  00  01
2.84576  00  35

2.89145  90  00
2.89174  00  00
2.89202  00  80
2.89231  0a  00
2.89258  00  aa
2.89284  b0  00
2.89314  00  16
2.89340  00  16
2.89367  a0  50
2.89396  00  00
2.89423  e4  c8
2.89454  00  9c
2.89481  b2  6a
2.89512  00  5a
2.89539  00  01
2.89565  00  35

2.94133  90  00
2.94161  00  00
2.94189  00  80
2.94218  0a  00
2.94245  00  aa
2.94271  b0  00
2.94301  00  16
2.94327  00  16
2.94354  a0  50
2.94383  00  00
2.94410  e4  c8
2.94441  00  9c
2.94468  b2  6a
2.94497  00  5a
2.94524  00  01
2.94551  00  35

2.99120  90  00
2.99148  00  00
2.99176  00  80
2.99205  0a  00
2.99232  00  aa
2.99259  b0  00
2.99287  00  16
2.99314  00  16
2.99341  a0  50
2.99370  00  00
2.99397  e4  c8
2.99428  00  9c
2.99455  b2  6a
2.99485  00  5a
2.99512  00  01
2.99539  00  35

3.04108  90  00
3.04136  00  00
3.04164  00  80
3.04194  0a  00
3.04220  00  aa
3.04247  b0  00
3.04276  00  16
3.04302  00  16
3.04329  a0  50
3.04358  00  00
3.04385  e4  c8
3.04416  00  9c
3.04443  b2  6a
3.04473  00  5a
3.04500  00  01
3.04527  00  35

3.09487  90  00
3.09516  00  00
3.09543  00  80
3.09573  0a  00
3.09599  00  aa
3.09626  b0  00
3.09656  00  16
3.09682  00  16
3.09709  a0  50
3.09738  00  00
3.09766  e4  c8
3.09798  00  9c
3.09825  b2  6a
3.09856  00  5a
3.09882  00  01
3.09909  00  35

3.14561  90  00
3.14589  00  00
3.14617  00  80
3.14644  0a  00
3.14672  00  aa
3.14698  b0  00
3.14727  00  16
3.14754  00  16
3.14781  a0  50
3.14810  00  00
3.14837  e4  c8
3.14868  00  9c
3.14895  b2  6a
3.14924  00  5a
3.14953  00  01
3.14980  00  35

3.19548  90  00
3.19576  00  00
3.19604  00  80
3.19631  0a  00
3.19658  00  aa
3.19684  b0  00
3.19714  00  16
3.19741  00  16
3.19768  a0  50
3.19797  00  00
3.19824  e4  c8
3.19855  00  9c
3.19882  b2  6a
3.19912  00  5a
3.19940  00  01
3.19967  00  35

3.24536  90  00
3.24564  00  00
3.24592  00  80
3.24619  0a  00
3.24647  00  aa
3.24673  b0  00
3.24702  00  16
3.24729  00  16
3.24756  a0  50
3.24785  00  00
3.24812  e4  c8
3.24843  00  9c
3.24870  b2  6a
3.24900  00  5a
3.24928  00  01
3.24955  00  35

3.29523  90  00
3.29552  00  00
3.29580  00  80
3.29607  0a  00
3.29633  00  aa
3.29660  b0  00
3.29689  00  16
3.29716  00  16
3.29743  a0  50
3.29772  00  00
3.29799  e4  c8
3.29830  00  9c
3.29857  b2  6a
3.29887  00  5a
3.29916  00  01
3.29943  00  35

3.34511  90  00
3.34539  00  00
3.34567  00  80
3.34594  0a  00
3.34622  00  aa
3.34648  b0  00
3.34677  00  16
3.34704  00  16
3.34731  a0  50
3.34759  00  00
3.34787  e4  c8
3.34818  00  9c
3.34845  b2  6a
3.34875  00  5a
3.34903  00  01
3.34930  00  35

3.39498  90  00
3.39527  00  00
3.39554  00  80
3.39582  0a  00
3.39609  00  aa
3.39636  b0  00
3.39665  00  16
3.39691  00  16
3.39718  a0  50
3.39747  00  00
3.39774  e4  c8
3.39805  00  9c
3.39832  b2  6a
3.39862  00  5a
3.39890  00  01
3.39917  00  35

3.44486  90  00
3.44514  00  00
3.44542  00  80
3.44569  0a  00
3.44596  00  aa
3.44623  b0  00
3.44652  00  16
3.44679  00  16
3.44705  a0  50
3.44734  00  00
3.44761  e4  c8
3.44792  00  9c
3.44819  b2  6a
3.44850  00  5a
3.44878  00  01
3.44905  00  35

3.49473  90  00
3.49502  00  00
3.49529  00  80
3.49557  0a  00
3.49584  00  aa
3.49610  b0  00
3.49640  00  16
3.49667  00  16
3.49694  a0  50
3.49722  00  00
3.49749  e4  c8
3.49780  00  9c
3.49807  b2  6a
3.49837  00  5a
3.49866  00  01
3.49893  00  35

3.54460  90  00
3.54489  00  00
3.54517  00  80
3.54544  0a  00
3.54571  00  aa
3.54598  b0  00
3.54626  00  16
3.54653  00  16
3.54680  a0  50
3.54709  00  00
3.54736  e4  c8
3.54767  00  9c
3.54794  b2  6a
3.54823  00  5a
3.54850  00  01
3.54877  00  35

3.59448  90  00
3.59477  00  00
3.59504  00  80
3.59532  0a  00
3.59559  00  aa
3.59585  b0  00
3.59615  00  16
3.59642  00  16
3.59669  a0  50
3.59698  00  00
3.59725  e4  c8
3.59756  00  9c
3.59783  b2  6a
3.59813  00  5a
3.59840  00  01
3.59867  00  35

3.64435  90  00
3.64464  00  00
3.64491  00  80
3.64519  0a  00
3.64545  00  aa
3.64572  b0  00
3.64601  00  16
3.64628  00  16
3.64655  a0  50
3.64684  00  00
3.64711  e4  c8
3.64742  00  9c
3.64769  b2  6a
3.64799  00  5a
3.64827  00  01
3.64854  00  35

3.69423  90  00
3.69452  00  00
3.69479  00  80
3.69507  0a  00
3.69534  00  aa
3.69560  b0  00
3.69589  00  16
3.69616  00  16
3.69643  a0  50
3.69672  00  00
3.69699  e4  c8
3.69730  00  9c
3.69757  b2  6a
3.69787  00  5a
3.69815  00  01
3.69842  00  35

3.74410  90  00
3.74438  00  00
3.74466  00  80
3.74493  0a  00
3.74521  00  aa
3.74547  b0  00
3.74576  00  16
3.74603  00  16
3.74630  a0  50
3.74659  00  00
3.74686  e4  c8
3.74717  00  9c
3.74744  b2  6a
3.74775  00  5a
3.74803  00  01
3.74830  00  35

3.79398  90  00
3.79427  00  00
3.79454  00  80
3.79481  0a  00
3.79508  00  aa
3.79535  b0  00
3.79563  00  16
3.79590  00  16
3.79617  a0  50
3.79646  00  00
3.79673  e4  c8
3.79704  00  9c
3.79731  b2  6a
3.79761  00  5a
3.79790  00  01
3.79817  00  35

3.84385  90  00
3.84414  00  00
3.84442  00  80
3.84469  0a  00
3.84496  00  aa
3.84522  b0  00
3.84551  00  16
3.84578  00  16
3.84605  a0  50
3.84634  00  00
3.84661  e4  c8
3.84692  00  9c
3.84719  b2  6a
3.84750  00  5a
3.84778  00  01
3.84805  00  35

3.89373  90  00
3.89402  00  00
3.89429  00  80
3.89456  0a  00
3.89483  00  aa
3.89509  b0  00
3.89539  00  16
3.89566  00  16
3.89593  a0  50
3.89622  00  00
3.89649  e4  c8
3.89680  00  9c
3.89707  b2  6a
3.89737  00  5a
3.89765  00  01
3.89792  00  35

3.94360  90  00
3.94389  00  00
3.94417  00  80
3.94444  0a  00
3.94471  00  aa
3.94497  b0  00
3.94526  00  16
3.94553  00  16
3.94580  a0  50
3.94609  00  00
3.94636  e4  c8
3.94667  00  9c
3.94694  b2  6a
3.94724  00  5a
3.94753  00  01
3.94780  00  35

3.99379  90  00
3.99408  00  00
3.99435  00  80
3.99463  0a  00
3.99490  00  aa
3.99516  b0  00
3.99545  00  16
3.99572  00  16
3.99599  a0  50
3.99630  00  00
3.99657  e4  c8
3.99689  00  9c
3.99716  b2  6a
3.99745  00  5a
3.99774  00  01

3.99894  00  35

4.04435  90  00
4.04464  00  00
4.04491  00  80
4.04519  0a  00
4.04545  00  aa
4.04572  b0  00
4.04601  00  16
4.04628  00  16
4.04655  a0  50
4.04684  00  00
4.04711  e4  c8
4.04742  00  9c
4.04769  b2  6a
4.04799  00  5a
4.04827  00  01
4.04854  00  35

4.09422  90  00
4.09450  00  00
4.09478  00  80
4.09505  0a  00
4.09533  00  aa
4.09559  b0  00
4.09588  00  16
4.09615  00  16
4.09642  a0  50
4.09671  00  00
4.09698  e4  c8
4.09729  00  9c
4.09756  b2  6a
4.09787  00  5a
4.09815  00  01
4.09842  00  35

4.14410  90  00
4.14439  00  00
4.14466  00  80
4.14494  0a  00
4.14520  00  aa
4.14547  b0  00
4.14576  00  16
4.14603  00  16
4.14630  a0  50
4.14659  00  00
4.14686  e4  c8
4.14717  00  9c
4.14744  b2  6a
4.14774  00  5a
4.14802  00  01
4.14829  00  35

4.19397  90  00
4.19425  00  00
4.19453  00  80
4.19480  0a  00
4.19508  00  aa
4.19534  b0  00
4.19563  00  16
4.19590  00  16
4.19617  a0  50
4.19646  00  00
4.19673  e4  c8
4.19704  00  9c
4.19731  b2  6a
4.19762  00  5a
4.19790  00  01
4.19817  00  35

4.24385  90  00
4.24414  00  00
4.24441  00  80
4.24468  0a  00
4.24495  00  aa
4.24522  b0  00
4.24551  00  16
4.24578  00  16
4.24605  a0  50
4.24634  00  00
4.24661  e4  c8
4.24692  00  9c
4.24719  b2  6a
4.24748  00  5a
4.24777  00  01
4.24804  00  35

4.29372  90  00
4.29400  00  00
4.29428  00  80
4.29455  0a  00
4.29482  00  aa
4.29508  b0  00
4.29538  00  16
4.29565  00  16
4.29592  a0  50
4.29620  00  00
4.29647  e4  c8
4.29678  00  9c
4.29705  b2  6a
4.29735  00  5a
4.29761  00  01
4.29788  00  35

4.34360  90  00
4.34389  00  00
4.34416  00  80
4.34443  0a  00
4.34470  00  aa
4.34496  b0  00
4.34526  00  16
4.34553  00  16
4.34580  a0  50
4.34609  00  00
4.34636  e4  c8
4.34667  00  9c
4.34694  b2  6a
4.34723  00  5a
4.34752  00  01
4.34779  00  35

4.39347  90  00
4.39375  00  00
4.39403  00  80
4.39430  0a  00
4.39457  00  aa
4.39484  b0  00
4.39512  00  16
4.39540  00  16
4.39567  a0  50
4.39596  00  00
4.39623  e4  c8
4.39654  00  9c
4.39681  b2  6a
4.39710  00  5a
4.39737  00  01
4.39764  00  35

4.44335  90  00
4.44363  00  00
4.44391  00  80
4.44418  0a  00
4.44446  00  aa
4.44472  b0  00
4.44501  00  16
4.44528  00  16
4.44555  a0  50
4.44584  00  00
4.44611  e4  c8
4.44642  00  9c
4.44669  b2  6a
4.44699  00  5a
4.44727  00  01
4.44754  00  35

4.49322  90  00
4.49350  00  00
4.49378  00  80
4.49405  0a  00
4.49433  00  aa
4.49459  b0  00
4.49488  00  16
4.49514  00  16
4.49542  a0  50
4.49570  00  00
4.49597  e4  c8
4.49629  00  9c
4.49655  b2  6a
4.49686  00  5a
4.49715  00  01
4.49742  00  35

4.54310  90  00
4.54338  00  00
4.54366  00  80
4.54393  0a  00
4.54421  00  aa
4.54447  b0  00
4.54476  00  16
4.54503  00  16
4.54530  a0  50
4.54558  00  00
4.54585  e4  c8
4.54616  00  9c
4.54643  b2  6a
4.54673  00  5a
4.54702  00  01
4.54729  00  35

4.59297  90  00
4.59326  00  00
4.59353  00  80
4.59381  0a  00
4.59408  00  aa
4.59435  b0  00
4.59464  00  16
4.59491  00  16
4.59518  a0  50
4.59547  00  00
4.59574  e4  c8
4.59605  00  9c
4.59632  b2  6a
4.59662  00  5a
4.59689  00  01
4.59716  00  35

4.64285  90  00
4.64313  00  00
4.64340  00  80
4.64368  0a  00
4.64394  00  aa
4.64421  b0  00
4.64450  00  16
4.64477  00  16
4.64504  a0  50
4.64533  00  00
4.64560  e4  c8
4.64591  00  9c
4.64618  b2  6a
4.64648  00  5a
4.64674  00  01
4.64701  00  35

4.69272  90  00
4.69301  00  00
4.69328  00  80
4.69356  0a  00
4.69383  00  aa
4.69409  b0  00
4.69439  00  16
4.69466  00  16
4.69493  a0  50
4.69522  00  00
4.69549  e4  c8
4.69580  00  9c
4.69607  b2  6a
4.69637  00  5a
4.69664  00  01
4.69691  00  35

4.74260  90  00
4.74288  00  00
4.74316  00  80
4.74343  0a  00
4.74370  00  aa
4.74396  b0  00
4.74426  00  16
4.74453  00  16
4.74480  a0  50
4.74509  00  00
4.74536  e4  c8
4.74567  00  9c
4.74594  b2  6a
4.74624  00  5a
4.74652  00  01
4.74679  00  35

4.79247  90  00
4.79275  00  00
4.79303  00  80
4.79330  0a  00
4.79357  00  aa
4.79383  b0  00
4.79413  00  16
4.79439  00  16
4.79466  a0  50
4.79495  00  00
4.79522  e4  c8
4.79553  00  9c
4.79580  b2  6a
4.79609  00  5a
4.79636  00  01
4.79663  00  35

4.84234  90  00
4.84263  00  00
4.84291  00  80
4.84318  0a  00
4.84345  00  aa
4.84371  b0  00
4.84401  00  16
4.84428  00  16
4.84455  a0  50
4.84483  00  00
4.84511  e4  c8
4.84542  00  9c
4.84569  b2  6a
4.84599  00  5a
4.84627  00  01
4.84654  00  35

4.89222  90  00
4.89250  00  00
4.89278  00  80
4.89305  0a  00
4.89332  00  aa
4.89359  b0  00
4.89388  00  16
4.89415  00  16
4.89442  a0  50
4.89471  00  00
4.89498  e4  c8
4.89529  00  9c
4.89556  b2  6a
4.89586  00  5a
4.89614  00  01
4.89641  00  35

4.94209  90  00
4.94238  00  00
4.94266  00  80
4.94293  0a  00
4.94320  00  aa
4.94346  b0  00
4.94376  00  16
4.94402  00  16
4.94430  a0  50
4.94458  00  00
4.94485  e4  c8
4.94517  00  9c
4.94543  b2  6a
4.94573  00  5a
4.94601  00  01
4.94628  00  35

4.99197  90  00
4.99225  00  00
4.99253  00  80
4.99280  0a  00
4.99307  00  aa
4.99333  b0  00
4.99362  00  16
4.99389  00  16
4.99416  a0  50
4.99445  00  00
4.99472  e4  c8
4.99503  00  9c
4.99530  b2  6a
4.99560  00  5a
4.99586  00  01
4.99613  00  35

5.04184  90  00
5.04213  00  00
5.04241  00  80
5.04268  0a  00
5.04295  00  aa
5.04321  b0  00
5.04350  00  16
5.04377  00  16
5.04404  a0  50
5.04433  00  00
5.04460  e4  c8
5.04491  00  9c
5.04518  b2  6a
5.04548  00  5a
5.04576  00  01
5.04603  00  35

5.09172  90  00
5.09200  00  00
5.09228  00  80
5.09255  0a  00
5.09282  00  aa
5.09308  b0  00
5.09337  00  16
5.09364  00  16
5.09391  a0  50
5.09420  00  00
5.09447  e4  c8
5.09478  00  9c
5.09505  b2  6a
5.09536  00  5a
5.09564  00  01
5.09591  00  35

5.14159  90  00
5.14188  00  00
5.14216  00  80
5.14243  0a  00
5.14270  00  aa
5.14296  b0  00
5.14325  00  16
5.14352  00  16
5.14379  a0  50
5.14408  00  00
5.14435  e4  c8
5.14466  00  9c
5.14493  b2  6a
5.14523  00  5a
5.14552  00  01
5.14579  00  35

5.19147  90  00
5.19175  00  00
5.19203  00  80
5.19230  0a  00
5.19257  00  aa
5.19284  b0  00
5.19313  00  16
5.19340  00  16
5.19367  a0  50
5.19396  00  00
5.19423  e4  c8
5.19454  00  9c
5.19481  b2  6a
5.19510  00  5a
5.19539  00  01
5.19566  00  35

5.24134  90  00
5.24163  00  00
5.24191  00  80
5.24218  0a  00
5.24245  00  aa
5.24271  b0  00
5.24300  00  16
5.24327  00  16
5.24354  a0  50
5.24383  00  00
5.24410  e4  c8
5.24441  00  9c
5.24468  b2  6a
5.24498  00  5a
5.24527  00  01
5.24554  00  35

5.29122  90  00
5.29151  00  00
5.29178  00  80
5.29205  0a  00
5.29233  00  aa
5.29259  b0  00
5.29288  00  16
5.29316  00  16
5.29343  a0  50
5.29371  00  00
5.29398  e4  c8
5.29430  00  9c
5.29457  b2  6a
5.29487  00  5a
5.29514  00  01
5.29541  00  35

5.34109  90  00
5.34138  00  00
5.34166  00  80
5.34193  0a  00
5.34220  00  aa
5.34247  b0  00
5.34276  00  16
5.34303  00  16
5.34330  a0  50
5.34359  00  00
5.34386  e4  c8
5.34417  00  9c
5.34444  b2  6a
5.34473  00  5a
5.34502  00  01
5.34529  00  35

5.39097  90  00
5.39126  00  00
5.39153  00  80
5.39181  0a  00
5.39207  00  aa
5.39234  b0  00
5.39263  00  16
5.39290  00  16
5.39317  a0  50
5.39346  00  00
5.39373  e4  c8
5.39404  00  9c
5.39431  b2  6a
5.39461  00  5a
5.39489  00  01
5.39516  00  35

5.44084  90  00
5.44113  00  00
5.44141  00  80
5.44168  0a  00
5.44195  00  aa
5.44221  b0  00
5.44251  00  16
5.44277  00  16
5.44304  a0  50
5.44333  00  00
5.44360  e4  c8
5.44391  00  9c
5.44418  b2  6a
5.44448  00  5a
5.44477  00  01
5.44503  00  35

5.49072  90  00
5.49100  00  00
5.49128  00  80
5.49155  0a  00
5.49182  00  aa
5.49208  b0  00
5.49238  00  16
5.49265  00  16
5.49292  a0  50
5.49321  00  00
5.49348  e4  c8
5.49379  00  9c
5.49406  b2  6a
5.49436  00  5a
5.49464  00  01
5.49491  00  35

5.54059  90  00
5.54087  00  00
5.54115  00  80
5.54142  0a  00
5.54169  00  aa
5.54195  b0  00
5.54225  00  16
5.54252  00  16
5.54279  a0  50
5.54308  00  00
5.54335  e4  c8
5.54366  00  9c
5.54393  b2  6a
5.54423  00  5a
5.54452  00  01
5.54479  00  35

5.59047  90  00
5.59075  00  00
5.59103  00  80
5.59130  0a  00
5.59157  00  aa
5.59183  b0  00
5.59213  00  16
5.59240  00  16
5.59267  a0  50
5.59296  00  00
5.59323  e4  c8
5.59354  00  9c
5.59381  b2  6a
5.59410  00  5a
5.59439  00  01
5.59465  00  35

5.64034  90  00
5.64063  00  00
5.64090  00  80
5.64118  0a  00
5.64145  00  aa
5.64172  b0  00
5.64201  00  16
5.64227  00  16
5.64254  a0  50
5.64283  00  00
5.64310  e4  c8
5.64341  00  9c
5.64368  b2  6a
5.64398  00  5a
5.64426  00  01
5.64453  00  35

5.69022  90  00
5.69050  00  00
5.69078  00  80
5.69105  0a  00
5.69132  00  aa
5.69158  b0  00
5.69188  00  16
5.69215  00  16
5.69242  a0  50
5.69270  00  00
5.69297  e4  c8
5.69328  00  9c
5.69354  b2  6a
5.69384  00  5a
5.69411  00  01
5.69438  00  35

5.74009  90  00
5.74038  00  00
5.74065  00  80
5.74093  0a  00
5.74120  00  aa
5.74147  b0  00
5.74176  00  16
5.74203  00  16
5.74230  a0  50
5.74258  00  00
5.74285  e4  c8
5.74316  00  9c
5.74343  b2  6a
5.74373  00  5a
5.74401  00  01
5.74428  00  35

5.78997  90  00
5.79025  00  00
5.79053  00  80
5.79080  0a  00
5.79107  00  aa
5.79133  b0  00
5.79163  00  16
5.79190  00  16
5.79217  a0  50
5.79245  00  00
5.79272  e4  c8
5.79303  00  9c
5.79329  b2  6a
5.79359  00  5a
5.79386  00  01
5.79413  00  35

5.83984  90  00
5.84012  00  00
5.84040  00  80
5.84067  0a  00
5.84094  00  aa
5.84120  b0  00
5.84150  00  16
5.84177  00  16
5.84204  a0  50
5.84232  00  00
5.84259  e4  c8
5.84291  00  9c
5.84318  b2  6a
5.84347  00  5a
5.84373  00  01
5.84400  00  35

5.88972  90  00
5.89000  00  00
5.89028  00  80
5.89055  0a  00
5.89082  00  aa
5.89108  b0  00
5.89138  00  16
5.89165  00  16
5.89192  a0  50
5.89220  00  00
5.89247  e4  c8
5.89278  00  9c
5.89304  b2  6a
5.89334  00  5a
5.89362  00  01
5.89389  00  35

5.93959  90  00
5.93987  00  00
5.94015  00  80
5.94042  0a  00
5.94069  00  aa
5.94095  b0  00
5.94125  00  16
5.94151  00  16
5.94179  a0  50
5.94207  00  00
5.94234  e4  c8
5.94266  00  9c
5.94292  b2  6a
5.94323  00  5a
5.94351  00  01
5.94378  00  35

5.98946  90  00
5.98975  00  00
5.99003  00  80
5.99030  0a  00
5.99057  00  aa
5.99084  b0  00
5.99113  00  16
5.99140  00  16
5.99167  a0  50
5.99196  00  00
5.99223  e4  c8
5.99254  00  9c
5.99281  b2  6a
5.99311  00  5a
5.99338  00  01
5.99365  00  35

6.03934  90  00
6.03962  00  00
6.03990  00  80
6.04017  0a  00
6.04044  00  aa
6.04070  b0  00
6.04100  00  16
6.04126  00  16
6.04153  a0  50
6.04182  00  00
6.04209  e4  c8
6.04240  00  9c
6.04267  b2  6a
6.04298  00  5a
6.04326  00  01
6.04353  00  35

6.08921  90  00
6.08950  00  00
6.08977  00  80
6.09005  0a  00
6.09031  00  aa
6.09058  b0  00
6.09087  00  16
6.09114  00  16
6.09141  a0  50
6.09169  00  00
6.09196  e4  c8
6.09227  00  9c
6.09254  b2  6a
6.09285  00  5a
6.09311  00  01
6.09338  00  35

6.13909  90  00
6.13938  00  00
6.13965  00  80
6.13993  0a  00
6.14019  00  aa
6.14046  b0  00
6.14075  00  16
6.14102  00  16
6.14129  a0  50
6.14158  00  00
6.14185  e4  c8
6.14216  00  9c
6.14243  b2  6a
6.14273  00  5a
6.14302  00  01
6.14329  00  35

6.18896  90  00
6.18925  00  00
6.18953  00  80
6.18980  0a  00
6.19007  00  aa
6.19033  b0  00
6.19062  00  16
6.19089  00  16
6.19116  a0  50
6.19145  00  00
6.19172  e4  c8
6.19203  00  9c
6.19230  b2  6a
6.19260  00  5a
6.19289  00  01
6.19316  00  35

6.23884  90  00
6.23913  00  00
6.23940  00  80
6.23968  0a  00
6.23995  00  aa
6.24021  b0  00
6.24051  00  16
6.24078  00  16
6.24105  a0  50
6.24134  00  00
6.24161  e4  c8
6.24192  00  9c
6.24219  b2  6a
6.24248  00  5a
6.24277  00  01
