# time   MOSI  MISO
0.00015  00  08
0.00093  0a  00
0.00120  00  aa
0.00147  0a  00
0.00174  00  aa
0.00200  80  00
0.00229  0a  81
0.00257  99  87
0.00284  01  00
0.00312  00  c8
0.00338  00  00
0.00366  00  c8
0.00393  00  00
0.00420  00  00
0.00447  b0  00
0.00476  00  16
0.00502  00  16
0.00529  a0  50
0.00558  00  00
0.00585  e4  c8
0.00616  00  9c
0.00643  00  6a
0.00682  50  00
0.00709  2d  50
0.00738  90  50
0.00766  00  00
0.00794  00  90
0.00821  0c  00

0.01850  90  0c
0.01879  00  00
0.01906  00  90
0.01934  0a  00
0.01961  00  aa
0.01987  b0  00
0.02016  00  16
0.02043  00  16
0.02070  a0  50
0.02099  00  00
0.02126  e4  c8
0.02158  00  9c
0.02184  b2  6a
0.02215  00  5a
0.02241  00  02
0.02268  00  46

0.06528  f0  00
0.06557  b0  11
0.06585  00  16
0.06612  00  16
0.06639  00  50
0.06669  c0  00
0.06698  00  00
0.06724  00  00

0.11868  e0  00
0.11898  00  c2
0.11925  ea  51
0.11959  00  9c
0.11986  00  46
0.12013  00  00
0.12040  00  00
0.12067  00  00
0.12095  e8  00
0.12127  00  22
0.12154  00  16
0.12181  00  00
0.12208  00  00
0.12235  00  00
0.12262  00  00
0.12307  f8  00
0.12336  fc  b3
0.12366  fa  be
0.12395  fe  ba
0.12426  00  c5
0.12467  90  00
0.12496  00  00
0.12523  00  90
0.12550  b0  00
0.12579  7f  16
0.12606  ff  16
0.12635  0a  50
0.12662  00  aa
0.12688  b0  00
0.12717  00  16
0.12744  00  16
0.12771  a0  50
0.12800  00  00
0.12826  e4  c8
0.12858  00  9c
0.12884  b2  6a
0.12914  00  5a
0.12941  00  02
0.12968  00  46

0.13159  f0  00
0.13188  b0  11
0.13217  00  16
0.13243  00  16
0.13270  00  50
0.13300  c0  00
0.13329  00  00
0.13355  00  00

0.18562  e0  00
0.18592  00  c2
0.18619  ea  51
0.18652  00  9c
0.18679  00  46
0.18706  00  00
0.18734  00  00
0.18761  00  00
0.18788  e8  00
0.18820  00  22
0.18847  00  16
0.18874  00  00
0.18901  00  00
0.18928  00  00
0.18956  00  00
0.19000  f8  00
0.19029  fc  b3
0.19059  fa  be
0.19088  fe  ba
0.19118  00  c5
0.19159  90  00
0.19188  00  00
0.19216  00  90
0.19243  b0  00
0.19272  7f  16
0.19298  ff  16
0.19325  0a  50
0.19352  00  aa
0.19379  b0  00
0.19408  00  16
0.19435  00  16
0.19462  a0  50
0.19491  00  00
0.19518  e4  c8
0.19550  00  9c
0.19576  b2  6a
0.19606  00  5a
0.19632  00  02
0.19659  00  46

0.19858  f0  00
0.19886  b0  11
0.19916  00  16
0.19942  00  16
0.19968  00  50
0.19998  c0  00
0.20027  00  00
0.20053  00  00

0.25168  e0  00
0.25199  00  c2
0.25226  ea  51
0.25259  00  9c
0.25286  00  46
0.25313  00  00
0.25340  00  00
0.25367  00  00
0.25394  e8  00
0.25426  00  22
0.25453  00  16
0.25480  00  00
0.25507  00  00
0.25534  00  00
0.25562  00  00
0.25609  f8  00
0.25638  fc  b3
0.25667  fa  be
0.25697  fe  ba
0.25727  00  c5
0.25769  90  00
0.25797  00  00
0.25825  00  90
0.25851  b0  00
0.25881  7f  16
0.25908  ff  16
0.25935  0a  50
0.25962  00  aa
0.25989  b0  00
0.26018  00  16
0.26045  00  16
0.26072  a0  50
0.26101  00  00
0.26128  e4  c8
0.26159  00  9c
0.26187  b2  6a
0.26218  00  5a
0.26244  00  02
0.26271  00  46

0.26455  f0  00
0.26484  b0  11
0.26514  00  16
0.26541  00  16
0.26568  00  50
0.26600  c0  00
0.26629  00  00
0.26656  00  00

0.31859  e0  00
0.31890  00  c2
0.31917  ea  51
0.31950  00  9c
0.31977  00  46
0.32004  00  00
0.32031  00  00
0.32058  00  00
0.32085  e8  00
0.32117  00  22
0.32144  00  16
0.32172  00  00
0.32199  00  00
0.32226  00  00
0.32254  00  00
0.32301  f8  00
0.32330  fc  b3
0.32361  fa  be
0.32391  fe  ba
0.32421  00  c5
0.32462  90  00
0.32490  00  00
0.32518  00  90
0.32545  b0  00
0.32574  7f  16
0.32601  ff  16
0.32628  0a  50
0.32655  00  aa
0.32683  b0  00
0.32712  00  16
0.32739  00  16
0.32766  a0  50
0.32794  00  00
0.32821  e4  c8
0.32853  00  9c
0.32880  b2  6a
0.32910  00  5a
0.32937  00  02
0.32963  00  46

0.33148  f0  00
0.33176  b0  11
0.33205  00  16
0.33232  00  16
0.33259  00  50
0.33289  c0  00
0.33318  00  00
0.33344  00  00

0.38510  e0  00
0.38541  00  c2
0.38568  ea  51
0.38600  00  9c
0.38627  00  46
0.38656  00  00
0.38683  00  00
0.38709  00  00
0.38737  e8  00
0.38769  00  22
0.38796  00  16
0.38823  00  00
0.38850  00  00
0.38877  00  00
0.38904  00  00
0.38949  f8  00
0.38978  fc  b3
0.39007  fa  be
0.39037  fe  ba
0.39067  00  c5
0.39108  90  00
0.39137  00  00
0.39164  00  90
0.39191  b0  00
0.39219  7f  16
0.39246  ff  16
0.39273  0a  50
0.39301  00  aa
0.39327  b0  00
0.39356  00  16
0.39383  00  16
0.39410  a0  50
0.39439  00  00
0.39465  e4  c8
0.39497  00  9c
0.39524  b2  6a
0.39553  00  5a
0.39580  00  02
0.39607  00  46

0.39807  f0  00
0.39835  b0  11
0.39864  00  16
0.39891  00  16
0.39918  00  50
0.39948  c0  00
0.39977  00  00
0.40003  00  00

0.45165  e0  00
0.45196  00  c2
0.45223  ea  51
0.45255  00  9c
0.45282  00  46
0.45309  00  00
0.45338  00  00
0.45365  00  00
0.45393  e8  00
0.45425  00  22
0.45452  00  16
0.45479  00  00
0.45506  00  00
0.45533  00  00
0.45561  00  00
0.45606  f8  00
0.45635  fc  b3
0.45664  fa  be
0.45694  fe  ba
0.45724  00  c5
0.45768  90  00
0.45796  00  00
0.45824  00  90
0.45852  b0  00
0.45882  7f  16
0.45909  ff  16
0.45938  0a  50
0.45965  00  aa
0.45991  b0  00
0.46020  00  16
0.46047  00  16
0.46074  a0  50
0.46103  00  00
0.46130  e4  c8
0.46161  00  9c
0.46188  b2  6a
0.46217  00  5a
0.46244  00  02
0.46271  00  46

0.46457  f0  00
0.46486  b0  11
0.46514  00  16
0.46541  00  16
0.46568  00  50
0.46598  c0  00
0.46627  00  00
0.46653  00  00

0.51794  e0  00
0.51825  00  c2
0.51852  ea  51
0.51884  00  9c
0.51912  00  46
0.51939  00  00
0.51967  00  00
0.51994  00  00
0.52021  e8  00
0.52054  00  22
0.52081  00  16
0.52108  00  00
0.52135  00  00
0.52162  00  00
0.52189  00  00
0.52237  f8  00
0.52265  fc  b3
0.52295  fa  be
0.52324  fe  ba
0.52354  00  c5
0.52395  90  00
0.52423  00  00
0.52451  00  90
0.52478  b0  00
0.52507  7f  16
0.52534  ff  16
0.52561  0a  50
0.52588  00  aa
0.52614  b0  00
0.52643  00  16
0.52670  00  16
0.52697  a0  50
0.52726  00  00
0.52753  e4  c8
0.52784  00  9c
0.52811  b2  6a
0.52842  00  5a
0.52868  00  02
0.52895  00  46

0.53082  f0  00
0.53111  b0  11
0.53140  00  16
0.53167  00  16
0.53194  00  50
0.53226  c0  00
0.53255  00  00
0.53281  00  00

0.58414  e0  00
0.58445  00  c2
0.58472  ea  51
0.58505  00  9c
0.58532  00  46
0.58559  00  00
0.58586  00  00
0.58614  00  00
0.58641  e8  00
0.58673  00  22
0.58700  00  16
0.58727  00  00
0.58754  00  00
0.58781  00  00
0.58809  00  00
0.58854  f8  00
0.58882  fc  b3
0.58912  fa  be
0.58941  fe  ba
0.58971  00  c5
0.59015  90  00
0.59043  00  00
0.59071  00  90
0.59098  b0  00
0.59127  7f  16
0.59154  ff  16
0.59181  0a  50
0.59208  00  aa
0.59235  b0  00
0.59264  00  16
0.59292  00  16
0.59319  a0  50
0.59348  00  00
0.59375  e4  c8
0.59407  00  9c
0.59433  b2  6a
0.59464  00  5a
0.59492  00  02
0.59519  00  46

0.59718  f0  00
0.59747  b0  11
0.59776  00  16
0.59803  00  16
0.59830  00  50
0.59860  c0  00
0.59891  00  00
0.59918  00  00

0.64978  e0  00
0.65009  00  c2
0.65036  ea  51
0.65068  00  9c
0.65095  00  46
0.65122  00  00
0.65149  00  00
0.65178  00  00
0.65205  e8  00
0.65237  00  22
0.65264  00  16
0.65291  00  00
0.65318  00  00
0.65345  00  00
0.65372  00  00
0.65420  f8  00
0.65448  fc  b3
0.65478  fa  be
0.65507  fe  ba
0.65538  00  c5
0.65579  90  00
0.65608  00  00
0.65635  00  90
0.65662  b0  00
0.65691  7f  16
0.65717  ff  16
0.65744  0a  50
0.65771  00  aa
0.65798  b0  00
0.65827  00  16
0.65854  00  16
0.65881  a0  50
0.65910  00  00
0.65937  e4  c8
0.65969  00  9c
0.65995  b2  6a
0.66025  00  5a
0.66051  00  02
0.66078  00  46

0.66263  f0  00
0.66291  b0  11
0.66320  00  16
0.66347  00  16
0.66374  00  50
0.66404  c0  00
0.66433  00  00
0.66460  00  00

0.71675  e0  00
0.71706  00  c2
0.71733  ea  51
0.71765  00  9c
0.71792  00  46
0.71819  00  00
0.71846  00  00
0.71873  00  00
0.71901  e8  00
0.71933  00  22
0.71960  00  16
0.71987  00  00
0.72014  00  00
0.72041  00  00
0.72071  00  00
0.72116  f8  00
0.72144  fc  b3
0.72174  fa  be
0.72203  fe  ba
0.72233  00  c5
0.72277  90  00
0.72305  00  00
0.72333  00  90
0.72360  b0  00
0.72389  7f  16
0.72416  ff  16
0.72443  0a  50
0.72470  00  aa
0.72496  b0  00
0.72525  00  16
0.72551  00  16
0.72578  a0  50
0.72607  00  00
0.72634  e4  c8
0.72665  00  9c
0.72692  b2  6a
0.72721  00  5a
0.72748  00  02
0.72774  00  46

0.72959  f0  00
0.72987  b0  11
0.73016  00  16
0.73043  00  16
0.73070  00  50
0.73100  c0  00
0.73129  00  00
0.73157  00  00

0.78329  e0  00
0.78359  00  c2
0.78386  ea  51
0.78418  00  9c
0.78445  00  46
0.78472  00  00
0.78499  00  00
0.78526  00  00
0.78554  e8  00
0.78587  00  22
0.78614  00  16
0.78641  00  00
0.78668  00  00
0.78695  00  00
0.78722  00  00
0.78770  f8  00
0.78798  fc  b3
0.78828  fa  be
0.78857  fe  ba
0.78887  00  c5
0.78929  90  00
0.78957  00  00
0.78985  00  90
0.79011  b0  00
0.79042  7f  16
0.79069  ff  16
0.79096  0a  50
0.79123  00  aa
0.79149  b0  00
0.79178  00  16
0.79205  00  16
0.79232  a0  50
0.79261  00  00
0.79288  e4  c8
0.79319  00  9c
0.79346  b2  6a
0.79377  00  5a
0.79404  00  02
0.79431  00  46

0.79617  f0  00
0.79653  b0  11
0.79682  00  16
0.79709  00  16
0.79736  00  50
0.79768  c0  00
0.79797  00  00
0.79823  00  00

0.84946  e0  00
0.84977  00  c2
0.85004  ea  51
0.85037  00  9c
0.85064  00  46
0.85091  00  00
0.85118  00  00
0.85145  00  00
0.85173  e8  00
0.85205  00  22
0.85232  00  16
0.85259  00  00
0.85286  00  00
0.85313  00  00
0.85340  00  00
0.85385  f8  00
0.85414  fc  b3
0.85444  fa  be
0.85473  fe  ba
0.85503  00  c5
0.85547  90  00
0.85576  00  00
0.85603  00  90
0.85630  b0  00
0.85659  7f  16
0.85685  ff  16
0.85713  0a  50
0.85740  00  aa
0.85766  b0  00
0.85796  00  16
0.85823  00  16
0.85849  a0  50
0.85878  00  00
0.85905  e4  c8
0.85936  00  9c
0.85963  b2  6a
0.85993  00  5a
0.86020  00  02
0.86046  00  46

0.86230  f0  00
0.86259  b0  11
0.86288  00  16
0.86315  00  16
0.86341  00  50
0.86372  c0  00
0.86400  00  00
0.86427  00  00

0.91581  e0  00
0.91612  00  c2
0.91639  ea  51
0.91671  00  9c
0.91698  00  46
0.91725  00  00
0.91752  00  00
0.91779  00  00
0.91806  e8  00
0.91839  00  22
0.91866  00  16
0.91893  00  00
0.91919  00  00
0.91946  00  00
0.91974  00  00
0.92021  f8  00
0.92050  fc  b3
0.92080  fa  be
0.92109  fe  ba
0.92139  00  c5
0.92181  90  00
0.92209  00  00
0.92236  00  90
0.92263  b0  00
0.92292  7f  16
0.92319  ff  16
0.92346  0a  50
0.92372  00  aa
0.92399  b0  00
0.92428  00  16
0.92455  00  16
0.92482  a0  50
0.92511  00  00
0.92538  e4  c8
0.92569  00  9c
0.92596  b2  6a
0.92625  00  5a
0.92653  00  02
0.92679  00  46

0.92866  f0  00
0.92895  b0  11
0.92924  00  16
0.92951  00  16
0.92978  00  50
0.93008  c0  00
0.93037  00  00
0.93064  00  00

0.98041  e0  00
0.98072  00  c2
0.98099  ea  51
0.98131  00  9c
0.98158  00  46
0.98185  00  00
0.98212  00  00
0.98239  00  00
0.98267  e8  00
0.98299  00  22
0.98326  00  16
0.98353  00  00
0.98380  00  00
0.98407  00  00
0.98434  00  00
0.98480  f8  00
0.98509  fc  b3
0.98538  fa  be
0.98568  fe  ba
0.98598  00  c5
0.98639  90  00
0.98668  00  00
0.98696  00  90
0.98722  b0  00
0.98751  7f  16
0.98777  ff  16
0.98807  0a  50
0.98834  00  aa
0.98860  b0  00
0.98892  00  16
0.98918  00  16
0.98945  a0  50
0.98974  00  00
0.99001  e4  c8
0.99033  00  9c
0.99060  b2  6a
0.99091  00  5a
0.99118  00  02
0.99145  00  46

0.99332  f0  00
0.99361  b0  11
0.99390  00  16
0.99417  00  16
0.99444  00  50
0.99474  c0  00
0.99503  00  00
0.99529  00  00

1.04446  e0  00
1.04477  00  c2
1.04504  ea  51
1.04536  00  9c
1.04563  00  46
1.04601  00  00
1.04628  00  00
1.04655  00  00
1.04683  e8  00
1.04715  00  22
1.04742  00  16
1.04769  00  00
1.04796  00  00
1.04823  00  00
1.04851  00  00
1.04881  f8  00
1.04910  fc  b3
1.04940  fa  be
1.04971  fe  ba
1.05001  00  c5
1.05056  90  00
1.05086  00  00
1.05113  00  90
1.05140  b0  00
1.05169  7f  16
1.05196  ff  16
1.05223  0a  50
1.05250  00  aa
1.05276  b0  00
1.05306  00  16
1.05333  00  16
1.05360  a0  50
1.05388  00  00
1.05415  e4  c8
1.05446  00  9c
1.05475  b2  6a
1.05504  00  5a
1.05531  00  02
1.05558  00  46

1.05745  f0  00
1.05774  b0  11
1.05803  00  16
1.05829  00  16
1.05856  00  50
1.05888  c0  00
1.05917  00  00
1.05944  00  00

1.10764  e0  00
1.10795  00  c2
1.10822  ea  51
1.10854  00  9c
1.10882  00  46
1.10909  00  00
1.10936  00  00
1.10963  00  00
1.10990  e8  00
1.11022  00  22
1.11049  00  16
1.11076  00  00
1.11103  00  00
1.11130  00  00
1.11157  00  00
1.11191  f8  00
1.11219  fc  b3
1.11249  fa  be
1.11279  fe  ba
1.11309  00  c5
1.11350  90  00
1.11378  00  00
1.11406  00  90
1.11433  b0  00
1.11462  7f  16
1.11488  ff  16
1.11516  0a  50
1.11543  00  aa
1.11570  b0  00
1.11599  00  16
1.11626  00  16
1.11653  a0  50
1.11681  00  00
1.11708  e4  c8
1.11740  00  9c
1.11769  b2  6a
1.11799  00  5a
1.11825  00  02
1.11852  00  46

1.12048  f0  00
1.12076  b0  11
1.12105  00  16
1.12132  00  16
1.12159  00  50
1.12189  c0  00
1.12218  00  00
1.12244  00  00

1.17060  e0  00
1.17090  00  c2
1.17117  ea  51
1.17149  00  9c
1.17176  00  46
1.17203  00  00
1.17230  00  00
1.17258  00  00
1.17285  e8  00
1.17317  00  22
1.17344  00  16
1.17371  00  00
1.17398  00  00
1.17425  00  00
1.17455  00  00
1.17486  f8  00
1.17514  fc  b3
1.17544  fa  be
1.17573  fe  ba
1.17604  00  c5
1.17645  90  00
1.17674  00  00
1.17701  00  90
1.17728  b0  00
1.17757  7f  16
1.17784  ff  16
1.17811  0a  50
1.17839  00  aa
1.17866  b0  00
1.17895  00  16
1.17922  00  16
1.17949  a0  50
1.17977  00  00
1.18004  e4  c8
1.18035  00  9c
1.18062  b2  6a
1.18092  00  5a
1.18119  00  02
1.18146  00  46

1.18339  f0  00
1.18368  b0  11
1.18397  00  16
1.18423  00  16
1.18452  00  50
1.18482  c0  00
1.18511  00  00
1.18538  00  00

1.23343  e0  00
1.23374  00  c2
1.23400  ea  51
1.23432  00  9c
1.23459  00  46
1.23486  00  00
1.23513  00  00
1.23540  00  00
1.23568  e8  00
1.23600  00  22
1.23628  00  16
1.23655  00  00
1.23682  00  00
1.23709  00  00
1.23738  00  00
1.23769  f8  00
1.23798  fc  b3
1.23828  fa  be
1.23858  fe  ba
1.23888  00  c5
1.23929  90  00
1.23958  00  00
1.23985  00  90
1.24012  b0  00
1.24041  7f  16
1.24068  ff  16
1.24095  0a  50
1.24122  00  aa
1.24149  b0  00
1.24178  00  16
1.24205  00  16
1.24232  a0  50
1.24261  00  00
1.24288  e4  c8
1.24319  00  9c
1.24346  b2  6a
1.24376  00  5a
1.24403  00  02
1.24430  00  46

1.24639  f0  00
1.24667  b0  11
1.24696  00  16
1.24722  00  16
1.24749  00  50
1.24779  c0  00
1.24808  00  00
1.24835  00  00

1.29695  e0  00
1.29726  00  c2
1.29753  ea  51
1.29785  00  9c
1.29812  00  46
1.29839  00  00
1.29866  00  00
1.29893  00  00
1.29923  e8  00
1.29955  00  22
1.29982  00  16
1.30009  00  00
1.30036  00  00
1.30063  00  00
1.30091  00  00
1.30124  f8  00
1.30153  fc  b3
1.30182  fa  be
1.30212  fe  ba
1.30242  00  c5
1.30283  90  00
1.30312  00  00
1.30339  00  90
1.30366  b0  00
1.30395  7f  16
1.30422  ff  16
1.30449  0a  50
1.30476  00  aa
1.30503  b0  00
1.30532  00  16
1.30558  00  16
1.30585  a0  50
1.30614  00  00
1.30641  e4  c8
1.30672  00  9c
1.30699  b2  6a
1.30729  00  5a
1.30756  00  02
1.30783  00  46

1.30979  f0  00
1.31009  b0  11
1.31038  00  16
1.31065  00  16
1.31092  00  50
1.31124  c0  00
1.31153  00  00
1.31179  00  00

1.36004  e0  00
1.36034  00  c2
1.36061  ea  51
1.36093  00  9c
1.36120  00  46
1.36147  00  00
1.36174  00  00
1.36201  00  00
1.36229  e8  00
1.36261  00  22
1.36288  00  16
1.36315  00  00
1.36342  00  00
1.36369  00  00
1.36397  00  00
1.36428  f8  00
1.36457  fc  b3
1.36486  fa  be
1.36515  fe  ba
1.36546  00  c5
1.36587  90  00
1.36615  00  00
1.36643  00  90
1.36670  b0  00
1.36698  7f  16
1.36725  ff  16
1.36753  0a  50
1.36779  00  aa
1.36807  b0  00
1.36835  00  16
1.36862  00  16
1.36889  a0  50
1.36918  00  00
1.36945  e4  c8
1.36976  00  9c
1.37005  b2  6a
1.37035  00  5a
1.37062  00  02
1.37089  00  46

1.37285  f0  00
1.37313  b0  11
1.37342  00  16
1.37369  00  16
1.37396  00  50
1.37426  c0  00
1.37455  00  00
1.37482  00  00

1.42245  e0  00
1.42276  00  c2
1.42303  ea  51
1.42335  00  9c
1.42362  00  46
1.42391  00  00
1.42418  00  00
1.42445  00  00
1.42472  e8  00
1.42504  00  22
1.42531  00  16
1.42558  00  00
1.42585  00  00
1.42612  00  00
1.42640  00  00
1.42670  f8  00
1.42700  fc  b3
1.42729  fa  be
1.42759  fe  ba
1.42790  00  c5
1.42831  90  00
1.42860  00  00
1.42889  00  90
1.42916  b0  00
1.42945  7f  16
1.42971  ff  16
1.43000  0a  50
1.43027  00  aa
1.43054  b0  00
1.43083  00  16
1.43109  00  16
1.43136  a0  50
1.43165  00  00
1.43191  e4  c8
1.43223  00  9c
1.43249  b2  6a
1.43279  00  5a
1.43306  00  02
1.43333  00  46

1.43529  f0  00
1.43558  b0  11
1.43588  00  16
1.43614  00  16
1.43641  00  50
1.43671  c0  00
1.43699  00  00
1.43726  00  00

1.48504  e0  00
1.48535  00  c2
1.48562  ea  51
1.48594  00  9c
1.48621  00  46
1.48648  00  00
1.48675  00  00
1.48702  00  00
1.48730  e8  00
1.48762  00  22
1.48789  00  16
1.48816  00  00
1.48843  00  00
1.48870  00  00
1.48898  00  00
1.48929  f8  00
1.48957  fc  b3
1.48987  fa  be
1.49017  fe  ba
1.49047  00  c5
1.49090  90  00
1.49119  00  00
1.49147  00  90
1.49178  b0  00
1.49207  7f  16
1.49233  ff  16
1.49261  0a  50
1.49288  00  aa
1.49314  b0  00
1.49344  00  16
1.49371  00  16
1.49397  a0  50
1.49426  00  00
1.49453  e4  c8
1.49491  00  9c
1.49518  b2  6a
1.49547  00  5a
1.49574  00  02
1.49601  00  46

1.49797  f0  00
1.49826  b0  11
1.49855  00  16
1.49881  00  16
1.49908  00  50
1.49938  c0  00
1.49967  00  00
1.49993  00  00

1.54733  e0  00
1.54764  00  c2
1.54790  ea  51
1.54823  00  9c
1.54850  00  46
1.54877  00  00
1.54904  00  00
1.54931  00  00
1.54959  e8  00
1.54991  00  22
1.55018  00  16
1.55045  00  00
1.55072  00  00
1.55099  00  00
1.55127  00  00
1.55160  f8  00
1.55188  fc  b3
1.55218  fa  be
1.55247  fe  ba
1.55278  00  c5
1.55319  90  00
1.55348  00  00
1.55375  00  90
1.55402  b0  00
1.55431  7f  16
1.55458  ff  16
1.55485  0a  50
1.55512  00  aa
1.55539  b0  00
1.55568  00  16
1.55595  00  16
1.55622  a0  50
1.55651  00  00
1.55678  e4  c8
1.55709  00  9c
1.55736  b2  6a
1.55766  00  5a
1.55792  00  02
1.55819  00  46

1.56015  f0  00
1.56046  b0  11
1.56075  00  16
1.56102  00  16
1.56129  00  50
1.56161  c0  00
1.56190  00  00
1.56216  00  00

1.60782  90  00
1.60811  00  00
1.60839  00  90
1.60883  90  00
1.60911  00  00
1.60943  00  90
1.60974  13  00
1.61001  25  13

1.65156  90  13
1.65184  00  00
1.65212  00  93
1.65268  07  00

1.65539  07  07
1.65585  90  07
1.65614  00  00
1.65641  00  93

1.72929  13  00
1.72955  80  13

1.77094  90  13
1.77123  00  00
1.77151  00  90

1.78100  0e  00
1.78127  0f  0e

1.78315  f0  0f
1.78344  b0  11
1.78373  00  16
1.78400  00  16
1.78427  00  50
1.78457  c0  00
1.78488  00  00
1.78515  00  00

1.83383  e0  00
1.83414  00  c2
1.83440  ea  51
1.83473  00  9c
1.83500  00  46
1.83527  00  00
1.83554  00  00
1.83581  00  00
1.83608  e8  00
1.83640  00  22
1.83668  00  16
1.83695  00  00
1.83722  00  00
1.83749  00  00
1.83776  00  00
1.83807  f8  00
1.83836  fc  b3
1.83865  fa  be
1.83895  fe  ba
1.83926  00  c5
1.83986  90  00
1.84014  00  00
1.84042  00  90
1.84068  b0  00
1.84097  7f  16
1.84124  ff  16
1.84151  0a  50
1.84178  00  aa
1.84205  b0  00
1.84234  00  16
1.84260  00  16
1.84287  a0  50
1.84316  00  00
1.84343  e4  c8
1.84387  00  9c
1.84414  b2  6a
1.84444  00  5a
1.84471  00  02
1.84497  00  46
1.84587  90  00
1.84615  00  00
1.84643  00  90
1.84672  0a  00
1.84699  00  aa
1.84725  b0  00
1.84755  00  16
1.84783  00  16
1.84810  a0  50
1.84839  00  00
1.84866  e4  c8
1.84897  00  9c
1.84924  b2  6a
1.84954  00  5a
1.84982  00  02
1.85009  00  46

1.89657  f0  00
1.89685  b0  11
1.89714  00  16
1.89741  00  16
1.89770  00  50
1.89800  c0  00
1.89829  00  00
1.89856  00  00

1.94801  e0  00
1.94831  00  c2
1.94858  ea  51
1.94891  00  9c
1.94918  00  46
1.94946  00  00
1.94973  00  00
1.95000  00  00
1.95028  e8  00
1.95060  00  22
1.95087  00  16
1.95114  00  00
1.95141  00  00
1.95168  00  00
1.95195  00  00
1.95226  f8  00
1.95256  fc  b3
1.95287  fa  be
1.95317  fe  ba
1.95347  00  c5
1.95402  90  00
1.95431  00  00
1.95459  00  90
1.95485  b0  00
1.95515  7f  16
1.95542  ff  16
1.95571  0a  50
1.95598  00  aa
1.95624  b0  00
1.95655  00  16
1.95681  00  16
1.95708  a0  50
1.95737  00  00
1.95764  e4  c8
1.95795  00  9c
1.95822  b2  6a
1.95854  00  5a
1.95881  00  02
1.95908  00  46

1.96095  f0  00
1.96124  b0  11
1.96154  00  16
1.96180  00  16
1.96207  00  50
1.96237  c0  00
1.96266  00  00
1.96293  00  00

2.01133  e0  00
2.01164  00  c2
2.01191  ea  51
2.01224  00  9c
2.01251  00  46
2.01278  00  00
2.01305  00  00
2.01332  00  00
2.01360  e8  00
2.01392  00  22
2.01419  00  16
2.01446  00  00
2.01473  00  00
2.01500  00  00
2.01530  00  00
2.01560  f8  00
2.01589  fc  b3
2.01619  fa  be
2.01648  fe  ba
2.01678  00  c5
2.01719  90  00
2.01748  00  00
2.01776  00  90
2.01802  b0  00
2.01831  7f  16
2.01858  ff  16
2.01885  0a  50
2.01912  00  aa
2.01940  b0  00
2.01969  00  16
2.01996  00  16
2.02023  a0  50
2.02052  00  00
2.02080  e4  c8
2.02111  00  9c
2.02138  b2  6a
2.02168  00  5a
2.02195  00  02
2.02222  00  46

2.02418  f0  00
2.02447  b0  11
2.02476  00  16
2.02503  00  16
2.02530  00  50
2.02560  c0  00
2.02589  00  00
2.02615  00  00

2.07499  e0  00
2.07529  00  c2
2.07556  ea  51
2.07588  00  9c
2.07615  00  46
2.07643  00  00
2.07669  00  00
2.07696  00  00
2.07724  e8  00
2.07756  00  22
2.07783  00  16
2.07810  00  00
2.07837  00  00
2.07864  00  00
2.07892  00  00
2.07925  f8  00
2.07954  fc  b3
2.07983  fa  be
2.08013  fe  ba
2.08043  00  c5
2.08087  90  00
2.08116  00  00
2.08143  00  90
2.08170  b0  00
2.08199  7f  16
2.08226  ff  16
2.08253  0a  50
2.08280  00  aa
2.08306  b0  00
2.08335  00  16
2.08362  00  16
2.08389  a0  50
2.08418  00  00
2.08445  e4  c8
2.08476  00  9c
2.08504  b2  6a
2.08533  00  5a
2.08560  00  02
2.08587  00  46

2.08783  f0  00
2.08812  b0  11
2.08841  00  16
2.08867  00  16
2.08894  00  50
2.08927  c0  00
2.08955  00  00
2.08982  00  00

2.13856  e0  00
2.13887  00  c2
2.13914  ea  51
2.13946  00  9c
2.13973  00  46
2.14000  00  00
2.14027  00  00
2.14054  00  00
2.14082  e8  00
2.14114  00  22
2.14141  00  16
2.14168  00  00
2.14195  00  00
2.14222  00  00
2.14250  00  00
2.14281  f8  00
2.14320  fc  b3
2.14350  fa  be
2.14379  fe  ba
2.14410  00  c5
2.14468  90  00
2.14496  00  00
2.14524  00  90
2.14551  b0  00
2.14580  7f  16
2.14607  ff  16
2.14634  0a  50
2.14661  00  aa
2.14687  b0  00
2.14716  00  16
2.14743  00  16
2.14770  a0  50
2.14799  00  00
2.14826  e4  c8
2.14857  00  9c
2.14884  b2  6a
2.14914  00  5a
2.14941  00  02
2.14967  00  46

2.15154  f0  00
2.15183  b0  11
2.15212  00  16
2.15239  00  16
2.15266  00  50
2.15296  c0  00
2.15324  00  00
2.15351  00  00

2.20218  e0  00
2.20248  00  c2
2.20275  ea  51
2.20308  00  9c
2.20335  00  46
2.20363  00  00

2.20519  00  00
2.20546  00  00
2.20573  e8  00
2.20605  00  22
2.20632  00  16
2.20659  00  00
2.20686  00  00
2.20713  00  00
2.20741  00  00
2.20772  f8  00
2.20801  fc  b3
2.20830  fa  be
2.20904  fe  ba
2.20934  00  c5
2.20991  90  00
2.21020  00  00
2.21048  00  90
2.21074  b0  00
2.21103  7f  16
2.21130  ff  16
2.21157  0a  50
2.21184  00  aa
2.21211  b0  00
2.21239  00  16
2.21266  00  16
2.21292  a0  50
2.21321  00  00
2.21348  e4  c8
2.21379  00  9c
2.21406  b2  6a
2.21436  00  5a
2.21462  00  02
2.21489  00  46

2.21674  f0  00
2.21702  b0  11
2.21731  00  16
2.21757  00  16
2.21784  00  50
2.21814  c0  00
2.21843  00  00
2.21870  00  00

2.26702  e0  00
2.26732  00  c2
2.26759  ea  51
2.26792  00  9c
2.26819  00  46
2.26846  00  00
2.26875  00  00
2.26902  00  00
2.26930  e8  00
2.26962  00  22
2.26989  00  16
2.27016  00  00
2.27043  00  00
2.27070  00  00
2.27097  00  00
2.27128  f8  00
2.27157  fc  b3
2.27186  fa  be
2.27216  fe  ba
2.27246  00  c5
2.27290  90  00
2.27318  00  00
2.27345  00  90
2.27374  b0  00
2.27403  7f  16
2.27429  ff  16
2.27457  0a  50
2.27484  00  aa
2.27510  b0  00
2.27539  00  16
2.27566  00  16
2.27593  a0  50
2.27622  00  00
2.27649  e4  c8
2.27680  00  9c
2.27707  b2  6a
2.27737  00  5a
2.27763  00  02
2.27790  00  46

2.27986  f0  00
2.28015  b0  11
2.28044  00  16
2.28072  00  16
2.28099  00  50
2.28129  c0  00
2.28158  00  00
2.28185  00  00

2.33018  e0  00
2.33049  00  c2
2.33076  ea  51
2.33109  00  9c
2.33136  00  46
2.33163  00  00
2.33190  00  00
2.33217  00  00
2.33245  e8  00
2.33276  00  22
2.33303  00  16
2.33330  00  00
2.33359  00  00
2.33386  00  00
2.33413  00  00
2.33444  f8  00
2.33473  fc  b3
2.33503  fa  be
2.33532  fe  ba
2.33562  00  c5
2.33604  90  00
2.33632  00  00
2.33660  00  90
2.33687  b0  00
2.33716  7f  16
2.33742  ff  16
2.33772  0a  50
2.33799  00  aa
2.33825  b0  00
2.33854  00  16
2.33881  00  16
2.33908  a0  50
2.33937  00  00
2.33963  e4  c8
2.33995  00  9c
2.34022  b2  6a
2.34052  00  5a
2.34079  00  02
2.34106  00  46

2.34315  f0  00
2.34343  b0  11
2.34372  00  16
2.34399  00  16
2.34426  00  50
2.34459  c0  00
2.34487  00  00
2.34514  00  00

2.39401  e0  00
2.39433  00  c2
2.39460  ea  51
2.39493  00  9c
2.39520  00  46
2.39547  00  00
2.39573  00  00
2.39600  00  00
2.39628  e8  00
2.39660  00  22
2.39687  00  16
2.39714  00  00
2.39743  00  00
2.39770  00  00
2.39797  00  00
2.39828  f8  00
2.39857  fc  b3
2.39886  fa  be
2.39916  fe  ba
2.39948  00  c5
2.40003  90  00
2.40032  00  00
2.40059  00  90
2.40086  b0  00
2.40115  7f  16
2.40142  ff  16
2.40169  0a  50
2.40196  00  aa
2.40223  b0  00
2.40252  00  16
2.40279  00  16
2.40306  a0  50
2.40335  00  00
2.40362  e4  c8
2.40394  00  9c
2.40421  b2  6a
2.40450  00  5a
2.40477  00  02
2.40504  00  46

2.40691  f0  00
2.40720  b0  11
2.40749  00  16
2.40776  00  16
2.40803  00  50
2.40833  c0  00
2.40861  00  00
2.40888  00  00

2.45717  e0  00
2.45747  00  c2
2.45774  ea  51
2.45806  00  9c
2.45834  00  46
2.45861  00  00
2.45888  00  00
2.45916  00  00
2.45944  e8  00
2.45976  00  22
2.46003  00  16
2.46030  00  00
2.46057  00  00
2.46084  00  00
2.46112  00  00
2.46145  f8  00
2.46174  fc  b3
2.46203  fa  be
2.46233  fe  ba
2.46264  00  c5
2.46305  90  00
2.46335  00  00
2.46362  00  90
2.46389  b0  00
2.46418  7f  16
2.46445  ff  16
2.46472  0a  50
2.46499  00  aa
2.46526  b0  00
2.46555  00  16
2.46581  00  16
2.46608  a0  50
2.46637  00  00
2.46664  e4  c8
2.46695  00  9c
2.46722  b2  6a
2.46752  00  5a
2.46779  00  02
2.46806  00  46

2.47002  f0  00
2.47030  b0  11
2.47059  00  16
2.47086  00  16
2.47113  00  50
2.47143  c0  00
2.47172  00  00
2.47199  00  00

2.52021  e0  00
2.52052  00  c2
2.52079  ea  51
2.52111  00  9c
2.52138  00  46
2.52165  00  00
2.52192  00  00
2.52219  00  00
2.52247  e8  00
2.52279  00  22
2.52306  00  16
2.52333  00  00
2.52360  00  00
2.52386  00  00
2.52414  00  00
2.52445  f8  00
2.52474  fc  b3
2.52504  fa  be
2.52533  fe  ba
2.52563  00  c5
2.52624  90  00
2.52652  00  00
2.52679  00  90
2.52706  b0  00
2.52735  7f  16
2.52762  ff  16
2.52789  0a  50
2.52816  00  aa
2.52843  b0  00
2.52872  00  16
2.52899  00  16
2.52926  a0  50
2.52955  00  00
2.52982  e4  c8
2.53013  00  9c
2.53040  b2  6a
2.53070  00  5a
2.53098  00  02
2.53125  00  46

2.53312  f0  00
2.53341  b0  11
2.53370  00  16
2.53397  00  16
2.53424  00  50
2.53454  c0  00
2.53483  00  00
2.53510  00  00

2.58371  e0  00
2.58402  00  c2
2.58428  ea  51
2.58460  00  9c
2.58487  00  46
2.58514  00  00
2.58541  00  00
2.58568  00  00
2.58595  e8  00
2.58627  00  22
2.58654  00  16
2.58681  00  00
2.58709  00  00
2.58735  00  00
2.58763  00  00
2.58796  f8  00
2.58825  fc  b3
2.58854  fa  be
2.58884  fe  ba
2.58914  00  c5
2.58955  90  00
2.58983  00  00
2.59011  00  90
2.59038  b0  00
2.59067  7f  16
2.59094  ff  16
2.59121  0a  50
2.59149  00  aa
2.59175  b0  00
2.59213  00  16
2.59240  00  16
2.59267  a0  50
2.59295  00  00
2.59322  e4  c8
2.59354  00  9c
2.59382  b2  6a
2.59412  00  5a
2.59439  00  02
2.59466  00  46

2.59663  f0  00
2.59691  b0  11
2.59720  00  16
2.59747  00  16
2.59774  00  50
2.59808  c0  00
2.59837  00  00
2.59863  00  00

2.64776  e0  00
2.64807  00  c2
2.64834  ea  51
2.64868  00  9c
2.64895  00  46
2.64922  00  00
2.64949  00  00
2.64978  00  00
2.65006  e8  00
2.65038  00  22
2.65065  00  16
2.65092  00  00
2.65119  00  00
2.65146  00  00
2.65173  00  00
2.65204  f8  00
2.65233  fc  b3
2.65262  fa  be
2.65292  fe  ba
2.65322  00  c5
2.65380  90  00
2.65408  00  00
2.65436  00  90
2.65463  b0  00
2.65492  7f  16
2.65519  ff  16
2.65546  0a  50
2.65573  00  aa
2.65599  b0  00
2.65628  00  16
2.65655  00  16
2.65681  a0  50
2.65710  00  00
2.65737  e4  c8
2.65768  00  9c
2.65795  b2  6a
2.65825  00  5a
2.65852  00  02
2.65879  00  46

2.66065  f0  00
2.66093  b0  11
2.66122  00  16
2.66149  00  16
2.66176  00  50
2.66206  c0  00
2.66235  00  00
2.66262  00  00

2.71451  e0  00
2.71482  00  c2
2.71510  ea  51
2.71542  00  9c
2.71572  00  46
2.71599  00  00
2.71626  00  00
2.71653  00  00
2.71680  e8  00
2.71713  00  22
2.71740  00  16
2.71767  00  00
2.71794  00  00
2.71821  00  00
2.71919  00  00
2.71950  c0  00
2.71979  00  00
2.72006  00  00
2.72033  90  00
2.72061  00  00
2.72088  00  90
2.72115  07  00
2.72156  0e  07
2.72183  0f  0e
2.72211  90  0f
2.72240  00  00
2.72267  00  90

2.74177  90  00
2.74206  00  00
2.74234  00  90
2.74263  0a  00
2.74291  00  aa
2.74317  b0  00
2.74346  00  16
2.74373  00  16
2.74400  a0  50
2.74429  00  00
2.74456  e4  c8
2.74487  00  9c
2.74514  b2  6a
2.74544  00  5a
2.74570  00  02
2.74597  00  46

2.79165  90  00
2.79194  00  00
2.79221  00  90
2.79251  0a  00
2.79278  00  aa
2.79304  b0  00
2.79333  00  16
2.79359  00  16
2.79385  a0  50
2.79414  00  00
2.79441  e4  c8
2.79473  00  9c
2.79500  b2  6a
2.79531  00  5a
2.79558  00  02
2.79585  00  46

2.84152  90  00
2.84181  00  00
2.84209  00  90
2.84238  0a  00
2.84266  00  aa
2.84292  b0  00
2.84321  00  16
2.84348  00  16
2.84375  a0  50
2.84404  00  00
2.84430  e4  c8
2.84462  00  9c
2.84489  b2  6a
2.84518  00  5a
2.84545  00  02
2.84572  00  46

2.89140  90  00
2.89168  00  00
2.89195  00  90
2.89225  0a  00
2.89252  00  aa
2.89279  b0  00
2.89308  00  16
2.89335  00  16
2.89362  a0  50
2.89391  00  00
2.89418  e4  c8
2.89449  00  9c
2.89476  b2  6a
2.89505  00  5a
2.89532  00  02
2.89559  00  46

2.94127  90  00
2.94155  00  00
2.94183  00  90
2.94212  0a  00
2.94239  00  aa
2.94265  b0  00
2.94295  00  16
2.94321  00  16
2.94348  a0  50
2.94377  00  00
2.94404  e4  c8
2.94435  00  9c
2.94462  b2  6a
2.94492  00  5a
2.94519  00  02
2.94546  00  46

2.99114  90  00
2.99143  00  00
2.99170  00  90
2.99200  0a  00
2.99227  00  aa
2.99254  b0  00
2.99283  00  16
2.99309  00  16
2.99336  a0  50
2.99365  00  00
2.99392  e4  c8
2.99423  00  9c
2.99450  b2  6a
2.99480  00  5a
2.99507  00  02
2.99534  00  46

3.04101  90  00
3.04129  00  00
3.04157  00  90
3.04187  0a  00
3.04213  00  aa
3.04240  b0  00
3.04269  00  16
3.04295  00  16
3.04323  a0  50
3.04351  00  00
3.04378  e4  c8
3.04410  00  9c
3.04437  b2  6a
3.04467  00  5a
3.04494  00  02
3.04521  00  46

3.09089  90  00
3.09117  00  00
3.09145  00  90
3.09175  0a  00
3.09201  00  aa
3.09228  b0  00
3.09257  00  16
3.09283  00  16
3.09310  a0  50
3.09339  00  00
3.09366  e4  c8
3.09397  00  9c
3.09424  b2  6a
3.09454  00  5a
3.09481  00  02
3.09507  00  46

3.14076  90  00
3.14105  00  00
3.14132  00  90
3.14162  0a  00
3.14189  00  aa
3.14215  b0  00
3.14244  00  16
3.14271  00  16
3.14298  a0  50
3.14327  00  00
3.14354  e4  c8
3.14385  00  9c
3.14412  b2  6a
3.14441  00  5a
3.14468  00  02
3.14495  00  46

3.19063  90  00
3.19092  00  00
3.19120  00  90
3.19149  0a  00
3.19176  00  aa
3.19202  b0  00
3.19232  00  16
3.19258  00  16
3.19285  a0  50
3.19314  00  00
3.19341  e4  c8
3.19372  00  9c
3.19399  b2  6a
3.19429  00  5a
3.19455  00  02
3.19482  00  46

3.24051  90  00
3.24079  00  00
3.24107  00  90
3.24136  0a  00
3.24163  00  aa
3.24190  b0  00
3.24219  00  16
3.24245  00  16
3.24272  a0  50
3.24301  00  00
3.24328  e4  c8
3.24360  00  9c
3.24387  b2  6a
3.24416  00  5a
3.24443  00  02
3.24470  00  46

3.29038  90  00
3.29067  00  00
3.29094  00  90
3.29124  0a  00
3.29150  00  aa
3.29177  b0  00
3.29206  00  16
3.29232  00  16
3.29259  a0  50
3.29288  00  00
3.29315  e4  c8
3.29347  00  9c
3.29374  b2  6a
3.29403  00  5a
3.29430  00  02
3.29457  00  46

3.34025  90  00
3.34054  00  00
3.34081  00  90
3.34111  0a  00
3.34138  00  aa
3.34164  b0  00
3.34193  00  16
3.34220  00  16
3.34247  a0  50
3.34276  00  00
3.34303  e4  c8
3.34334  00  9c
3.34361  b2  6a
3.34391  00  5a
3.34417  00  02
3.34444  00  46

3.39012  90  00
3.39041  00  00
3.39069  00  90
3.39098  0a  00
3.39125  00  aa
3.39151  b0  00
3.39181  00  16
3.39207  00  16
3.39233  a0  50
3.39262  00  00
3.39289  e4  c8
3.39321  00  9c
3.39348  b2  6a
3.39378  00  5a
3.39404  00  02
3.39431  00  46

3.44000  90  00
3.44028  00  00
3.44055  00  90
3.44085  0a  00
3.44112  00  aa
3.44139  b0  00
3.44168  00  16
3.44195  00  16
3.44222  a0  50
3.44251  00  00
3.44278  e4  c8
3.44309  00  9c
3.44336  b2  6a
3.44365  00  5a
3.44392  00  02
3.44419  00  46

3.48987  90  00
3.49016  00  00
3.49043  00  90
3.49073  0a  00
3.49100  00  aa
3.49127  b0  00
3.49156  00  16
3.49182  00  16
3.49209  a0  50
3.49238  00  00
3.49265  e4  c8
3.49296  00  9c
3.49323  b2  6a
3.49353  00  5a
3.49380  00  02
3.49407  00  46

3.53974  90  00
3.54003  00  00
3.54031  00  90
3.54060  0a  00
3.54087  00  aa
3.54114  b0  00
3.54143  00  16
3.54170  00  16
3.54197  a0  50
3.54225  00  00
3.54252  e4  c8
3.54284  00  9c
3.54311  b2  6a
3.54340  00  5a
3.54367  00  02
3.54394  00  46

3.58961  90  00
3.58990  00  00
3.59017  00  90
3.59047  0a  00
3.59074  00  aa
3.59100  b0  00
3.59129  00  16
3.59156  00  16
3.59183  a0  50
3.59211  00  00
3.59238  e4  c8
3.59269  00  9c
3.59296  b2  6a
3.59327  00  5a
3.59353  00  02
3.59380  00  46

3.63949  90  00
3.63977  00  00
3.64004  00  90
3.64034  0a  00
3.64061  00  aa
3.64087  b0  00
3.64117  00  16
3.64143  00  16
3.64169  a0  50
3.64198  00  00
3.64225  e4  c8
3.64257  00  9c
3.64284  b2  6a
3.64314  00  5a
3.64341  00  02
3.64368  00  46

3.68936  90  00
3.68965  00  00
3.68992  00  90
3.69022  0a  00
3.69049  00  aa
3.69076  b0  00
3.69105  00  16
3.69131  00  16
3.69158  a0  50
3.69187  00  00
3.69215  e4  c8
3.69246  00  9c
3.69273  b2  6a
3.69303  00  5a
3.69330  00  02
3.69357  00  46

3.73923  90  00
3.73952  00  00
3.73980  00  90
3.74009  0a  00
3.74036  00  aa
3.74062  b0  00
3.74092  00  16
3.74118  00  16
3.74144  a0  50
3.74173  00  00
3.74200  e4  c8
3.74231  00  9c
3.74258  b2  6a
3.74289  00  5a
3.74316  00  02
3.74343  00  46

3.78911  90  00
3.78939  00  00
3.78967  00  90
3.78997  0a  00
3.79023  00  aa
3.79050  b0  00
3.79079  00  16
3.79105  00  16
3.79132  a0  50
3.79161  00  00
3.79188  e4  c8
3.79220  00  9c
3.79247  b2  6a
3.79276  00  5a
3.79303  00  02
3.79330  00  46

3.83899  90  00
3.83927  00  00
3.83955  00  90
3.83985  0a  00
3.84011  00  aa
3.84038  b0  00
3.84067  00  16
3.84094  00  16
3.84121  a0  50
3.84150  00  00
3.84177  e4  c8
3.84208  00  9c
3.84235  b2  6a
3.84265  00  5a
3.84292  00  02
3.84319  00  46

3.88885  90  00
3.88914  00  00
3.88942  00  90
3.88971  0a  00
3.88998  00  aa
3.89024  b0  00
3.89053  00  16
3.89080  00  16
3.89107  a0  50
3.89136  00  00
3.89163  e4  c8
3.89194  00  9c
3.89221  b2  6a
3.89251  00  5a
3.89277  00  02
3.89304  00  46

3.93872  90  00
3.93901  00  00
3.93928  00  90
3.93958  0a  00
3.93985  00  aa
3.94012  b0  00
3.94041  00  16
3.94068  00  16
3.94095  a0  50
3.94123  00  00
3.94150  e4  c8
3.94182  00  9c
3.94209  b2  6a
3.94239  00  5a
3.94266  00  02
3.94293  00  46

3.98860  90  00
3.98888  00  00
3.98916  00  90
3.98946  0a  00
3.98972  00  aa
3.98999  b0  00
3.99028  00  16
3.99054  00  16
3.99081  a0  50
3.99110  00  00
3.99137  e4  c8
3.99168  00  9c
3.99195  b2  6a
3.99225  00  5a
3.99252  00  02
3.99279  00  46

4.03847  90  00
4.03876  00  00
4.03903  00  90
4.03933  0a  00
4.03960  00  aa
4.03986  b0  00
4.04015  00  16
4.04042  00  16
4.04069  a0  50
4.04098  00  00
4.04125  e4  c8
4.04156  00  9c
4.04183  b2  6a
4.04213  00  5a
4.04240  00  02
4.04267  00  46

4.08834  90  00
4.08863  00  00
4.08891  00  90
4.08920  0a  00
4.08947  00  aa
4.08973  b0  00
4.09003  00  16
4.09029  00  16
4.09056  a0  50
4.09085  00  00
4.09112  e4  c8
4.09143  00  9c
4.09170  b2  6a
4.09200  00  5a
4.09227  00  02
4.09254  00  46

4.13822  90  00
4.13850  00  00
4.13878  00  90
4.13908  0a  00
4.13934  00  aa
4.13961  b0  00
4.13990  00  16
4.14016  00  16
4.14043  a0  50
4.14072  00  00
4.14099  e4  c8
4.14130  00  9c
4.14157  b2  6a
4.14187  00  5a
4.14214  00  02
4.14241  00  46

4.18809  90  00
4.18837  00  00
4.18865  00  90
4.18894  0a  00
4.18921  00  aa
4.18947  b0  00
4.18977  00  16
4.19003  00  16
4.19029  a0  50
4.19058  00  00
4.19085  e4  c8
4.19117  00  9c
4.19144  b2  6a
4.19174  00  5a
4.19201  00  02
4.19228  00  46

4.23796  90  00
4.23825  00  00
4.23853  00  90
4.23882  0a  00
4.23909  00  aa
4.23935  b0  00
4.23964  00  16
4.23991  00  16
4.24018  a0  50
4.24047  00  00
4.24074  e4  c8
4.24105  00  9c
4.24132  b2  6a
4.24162  00  5a
4.24188  00  02
4.24215  00  46

4.28783  90  00
4.28812  00  00
4.28840  00  90
4.28869  0a  00
4.28896  00  aa
4.28923  b0  00
4.28952  00  16
4.28978  00  16
4.29005  a0  50
4.29034  00  00
4.29061  e4  c8
4.29093  00  9c
4.29120  b2  6a
4.29149  00  5a
4.29176  00  02
4.29202  00  46

4.33771  90  00
4.33799  00  00
4.33826  00  90
4.33856  0a  00
4.33883  00  aa
4.33909  b0  00
4.33939  00  16
4.33965  00  16
4.33992  a0  50
4.34021  00  00
4.34048  e4  c8
4.34079  00  9c
4.34106  b2  6a
4.34137  00  5a
4.34163  00  02
4.34190  00  46

4.38758  90  00
4.38786  00  00
4.38814  00  90
4.38843  0a  00
4.38870  00  aa
4.38897  b0  00
4.38926  00  16
4.38952  00  16
4.38979  a0  50
4.39007  00  00
4.39034  e4  c8
4.39066  00  9c
4.39093  b2  6a
4.39124  00  5a
4.39151  00  02
4.39178  00  46

4.43745  90  00
4.43774  00  00
4.43802  00  90
4.43831  0a  00
4.43859  00  aa
4.43885  b0  00
4.43914  00  16
4.43941  00  16
4.43968  a0  50
4.43997  00  00
4.44023  e4  c8
4.44055  00  9c
4.44082  b2  6a
4.44112  00  5a
4.44139  00  02
4.44166  00  46

4.48733  90  00
4.48761  00  00
4.48789  00  90
4.48818  0a  00
4.48845  00  aa
4.48872  b0  00
4.48901  00  16
4.48927  00  16
4.48954  a0  50
4.48983  00  00
4.49010  e4  c8
4.49040  00  9c
4.49067  b2  6a
4.49098  00  5a
4.49125  00  02
4.49152  00  46

4.53720  90  00
4.53748  00  00
4.53776  00  90
4.53805  0a  00
4.53832  00  aa
4.53858  b0  00
4.53888  00  16
4.53914  00  16
4.53941  a0  50
4.53970  00  00
4.53997  e4  c8
4.54028  00  9c
4.54055  b2  6a
4.54086  00  5a
4.54112  00  02
4.54139  00  46

4.58707  90  00
4.58736  00  00
4.58764  00  90
4.58793  0a  00
4.58820  00  aa
4.58847  b0  00
4.58876  00  16
4.58903  00  16
4.58929  a0  50
4.58958  00  00
4.58985  e4  c8
4.59016  00  9c
4.59043  b2  6a
4.59073  00  5a
4.59100  00  02
4.59127  00  46

4.63695  90  00
4.63723  00  00
4.63751  00  90
4.63780  0a  00
4.63807  00  aa
4.63834  b0  00
4.63862  00  16
4.63889  00  16
4.63915  a0  50
4.63944  00  00
4.63971  e4  c8
4.64002  00  9c
4.64029  b2  6a
4.64060  00  5a
4.64086  00  02
4.64113  00  46

4.69068  90  00
4.69097  00  00
4.69125  00  90
4.69152  0a  00
4.69178  00  aa
4.69205  b0  00
4.69234  00  16
4.69261  00  16
4.69288  a0  50
4.69316  00  00
4.69343  e4  c8
4.69374  00  9c
4.69401  b2  6a
4.69431  00  5a
4.69458  00  02
4.69485  00  46

4.74052  90  00
4.74081  00  00
4.74108  00  90
4.74135  0a  00
4.74162  00  aa
4.74188  b0  00
4.74218  00  16
4.74245  00  16
4.74272  a0  50
4.74301  00  00
4.74328  e4  c8
4.74359  00  9c
4.74386  b2  6a
4.74416  00  5a
4.74444  00  02
4.74471  00  46

4.79039  90  00
4.79068  00  00
4.79095  00  90
4.79123  0a  00
4.79149  00  aa
4.79176  b0  00
4.79205  00  16
4.79232  00  16
4.79259  a0  50
4.79288  00  00
4.79315  e4  c8
4.79346  00  9c
4.79373  b2  6a
4.79403  00  5a
4.79432  00  02
4.79458  00  46

4.84026  90  00
4.84055  00  00
4.84083  00  90
4.84110  0a  00
4.84137  00  aa
4.84164  b0  00
4.84193  00  16
4.84220  00  16
4.84247  a0  50
4.84276  00  00
4.84303  e4  c8
4.84334  00  9c
4.84361  b2  6a
4.84391  00  5a
4.84419  00  02
4.84446  00  46

4.89014  90  00
4.89042  00  00
4.89070  00  90
4.89097  0a  00
4.89124  00  aa
4.89150  b0  00
4.89180  00  16
4.89207  00  16
4.89234  a0  50
4.89263  00  00
4.89290  e4  c8
4.89321  00  9c
4.89348  b2  6a
4.89378  00  5a
4.89406  00  02
4.89433  00  46

4.94001  90  00
4.94030  00  00
4.94057  00  90
4.94085  0a  00
4.94112  00  aa
4.94138  b0  00
4.94168  00  16
4.94194  00  16
4.94221  a0  50
4.94249  00  00
4.94276  e4  c8
4.94307  00  9c
4.94334  b2  6a
4.94364  00  5a
4.94390  00  02
4.94417  00  46

4.98988  90  00
4.99016  00  00
4.99044  00  90
4.99071  0a  00
4.99099  00  aa
4.99125  b0  00
4.99154  00  16
4.99181  00  16
4.99208  a0  50
4.99236  00  00
4.99263  e4  c8
4.99294  00  9c
4.99321  b2  6a
4.99351  00  5a
4.99377  00  02
4.99404  00  46

5.03976  90  00
5.04004  00  00
5.04031  00  90
5.04059  0a  00
5.04086  00  aa
5.04112  b0  00
5.04142  00  16
5.04169  00  16
5.04196  a0  50
5.04225  00  00
5.04252  e4  c8
5.04283  00  9c
5.04310  b2  6a
5.04340  00  5a
5.04368  00  02
5.04395  00  46

5.08963  90  00
5.08992  00  00
5.09019  00  90
5.09046  0a  00
5.09074  00  aa
5.09100  b0  00
5.09129  00  16
5.09156  00  16
5.09183  a0  50
5.09212  00  00
5.09239  e4  c8
5.09270  00  9c
5.09297  b2  6a
5.09327  00  5a
5.09355  00  02
5.09382  00  46

5.13950  90  00
5.13979  00  00
5.14006  00  90
5.14034  0a  00
5.14061  00  aa
5.14088  b0  00
5.14117  00  16
5.14144  00  16
5.14171  a0  50
5.14200  00  00
5.14227  e4  c8
5.14258  00  9c
5.14285  b2  6a
5.14314  00  5a
5.14343  00  02
5.14370  00  46

5.18937  90  00
5.18966  00  00
5.18994  00  90
5.19021  0a  00
5.19048  00  aa
5.19074  b0  00
5.19103  00  16
5.19130  00  16
5.19158  a0  50
5.19186  00  00
5.19213  e4  c8
5.19245  00  9c
5.19272  b2  6a
5.19302  00  5a
5.19330  00  02
5.19357  00  46

5.23925  90  00
5.23953  00  00
5.23981  00  90
5.24008  0a  00
5.24035  00  aa
5.24061  b0  00
5.24091  00  16
5.24118  00  16
5.24145  a0  50
5.24174  00  00
5.24201  e4  c8
5.24232  00  9c
5.24259  b2  6a
5.24289  00  5a
5.24317  00  02
5.24344  00  46

5.28912  90  00
5.28941  00  00
5.28968  00  90
5.28996  0a  00
5.29023  00  aa
5.29049  b0  00
5.29079  00  16
5.29106  00  16
5.29133  a0  50
5.29162  00  00
5.29189  e4  c8
5.29220  00  9c
5.29247  b2  6a
5.29277  00  5a
5.29304  00  02
5.29331  00  46

5.33899  90  00
5.33928  00  00
5.33956  00  90
5.33983  0a  00
5.34010  00  aa
5.34036  b0  00
5.34065  00  16
5.34092  00  16
5.34119  a0  50
5.34148  00  00
5.34175  e4  c8
5.34206  00  9c
5.34233  b2  6a
5.34263  00  5a
5.34292  00  02
5.34319  00  46

5.38887  90  00
5.38915  00  00
5.38943  00  90
5.38970  0a  00
5.38997  00  aa
5.39023  b0  00
5.39053  00  16
5.39080  00  16
5.39107  a0  50
5.39136  00  00
5.39163  e4  c8
5.39194  00  9c
5.39221  b2  6a
5.39251  00  5a
5.39279  00  02
5.39306  00  46

5.43874  90  00
5.43902  00  00
5.43930  00  90
5.43957  0a  00
5.43984  00  aa
5.44010  b0  00
5.44039  00  16
5.44066  00  16
5.44093  a0  50
5.44122  00  00
5.44149  e4  c8
5.44180  00  9c
5.44207  b2  6a
5.44238  00  5a
5.44266  00  02
5.44293  00  46

5.48861  90  00
5.48889  00  00
5.48917  00  90
5.48944  0a  00
5.48972  00  aa
5.48998  b0  00
5.49027  00  16
5.49054  00  16
5.49081  a0  50
5.49110  00  00
5.49137  e4  c8
5.49168  00  9c
5.49195  b2  6a
5.49225  00  5a
5.49254  00  02
5.49281  00  46

5.53848  90  00
5.53877  00  00
5.53905  00  90
5.53932  0a  00
5.53959  00  aa
5.53986  b0  00
5.54015  00  16
5.54042  00  16
5.54068  a0  50
5.54097  00  00
5.54124  e4  c8
5.54156  00  9c
5.54183  b2  6a
5.54212  00  5a
5.54240  00  02
5.54267  00  46

5.58847  90  00
5.58876  00  00
5.58903  00  90
5.58933  0a  00
5.58959  00  aa
5.58986  b0  00
5.59015  00  16
5.59042  00  16
5.59069  a0  50
5.59097  00  00
5.59124  e4  c8

5.59243  00  9c
5.59270  b2  6a
5.59300  00  5a
5.59328  00  02
5.59355  00  46

5.63823  90  00
5.63852  00  00
5.63879  00  90
5.63907  0a  00
5.63933  00  aa
5.63960  b0  00
5.63989  00  16
5.64016  00  16
5.64043  a0  50
5.64072  00  00
5.64099  e4  c8
5.64130  00  9c
5.64157  b2  6a
5.64187  00  5a
5.64216  00  02
5.64242  00  46

5.68810  90  00
5.68839  00  00
5.68867  00  90
5.68894  0a  00
5.68921  00  aa
5.68947  b0  00
5.68976  00  16
5.69003  00  16
5.69030  a0  50
5.69059  00  00
5.69086  e4  c8
5.69118  00  9c
5.69144  b2  6a
5.69175  00  5a
5.69203  00  02
5.69230  00  46

5.73798  90  00
5.73826  00  00
5.73854  00  90
5.73881  0a  00
5.73909  00  aa
5.73935  b0  00
5.73964  00  16
5.73991  00  16
5.74018  a0  50
5.74047  00  00
5.74074  e4  c8
5.74105  00  9c
5.74132  b2  6a
5.74162  00  5a
5.74189  00  02
5.74217  00  46

5.78785  90  00
5.78813  00  00
5.78841  00  90
5.78868  0a  00
5.78895  00  aa
5.78921  b0  00
5.78950  00  16
5.78977  00  16
5.79005  a0  50
5.79033  00  00
5.79060  e4  c8
5.79091  00  9c
5.79118  b2  6a
5.79149  00  5a
5.79177  00  02
5.79204  00  46

5.83772  90  00
5.83801  00  00
5.83829  00  90
5.83856  0a  00
5.83883  00  aa
5.83909  b0  00
5.83938  00  16
5.83965  00  16
5.83992  a0  50
5.84021  00  00
5.84048  e4  c8
5.84079  00  9c
5.84106  b2  6a
5.84136  00  5a
5.84165  00  02
5.84192  00  46

5.88760  90  00
5.88788  00  00
5.88816  00  90
5.88843  0a  00
5.88870  00  aa
5.88896  b0  00
5.88926  00  16
5.88953  00  16
5.88980  a0  50
5.89009  00  00
5.89036  e4  c8
5.89067  00  9c
5.89094  b2  6a
5.89124  00  5a
5.89152  00  02
5.89179  00  46

5.93747  90  00
5.93775  00  00
5.93803  00  90
5.93830  0a  00
5.93857  00  aa
5.93883  b0  00
5.93912  00  16
5.93939  00  16
5.93966  a0  50
5.93995  00  00
5.94022  e4  c8
5.94053  00  9c
5.94080  b2  6a
5.94110  00  5a
5.94136  00  02
5.94163  00  46

5.98734  90  00
5.98762  00  00
5.98790  00  90
5.98817  0a  00
5.98844  00  aa
5.98870  b0  00
5.98900  00  16
5.98927  00  16
5.98954  a0  50
5.98982  00  00
5.99009  e4  c8
5.99040  00  9c
5.99067  b2  6a
5.99097  00  5a
5.99123  00  02
5.99150  00  46

6.03721  90  00
6.03750  00  00
6.03777  00  90
6.03805  0a  00
6.03831  00  aa
6.03858  b0  00
6.03887  00  16
6.03914  00  16
6.03941  a0  50
6.03970  00  00
6.03997  e4  c8
6.04028  00  9c
6.04055  b2  6a
6.04085  00  5a
6.04114  00  02
6.04141  00  46

6.08709  90  00
6.08738  00  00
6.08765  00  90
6.08792  0a  00
6.08820  00  aa
6.08846  b0  00
6.08875  00  16
6.08903  00  16
6.08929  a0  50
6.08958  00  00
6.08985  e4  c8
6.09017  00  9c
6.09044  b2  6a
6.09074  00  5a
6.09101  00  02
6.09128  00  46

6.13696  90  00
6.13725  00  00
6.13752  00  90
6.13780  0a  00
6.13807  00  aa
6.13833  b0  00
6.13863  00  16
6.13890  00  16
6.13917  a0  50
6.13946  00  00
6.13973  e4  c8
6.14004  00  9c
6.14031  b2  6a
6.14060  00  5a
6.14089  00  02
6.14116  00  46

6.18683  90  00
6.18711  00  00
6.18739  00  90
6.18767  0a  00
6.18793  00  aa
6.18820  b0  00
6.18849  00  16
6.18876  00  16
6.18903  a0  50
6.18932  00  00
6.18959  e4  c8
6.18990  00  9c
6.19017  b2  6a
6.19046  00  5a
6.19073  00  02
6.19100  00  46

6.23671  90  00
6.23699  00  00
6.23726  00  90
6.23754  0a  00
6.23780  00  aa
6.23807  b0  00
6.23836  00  16
6.23863  00  16
6.23890  a0  50
6.23919  00  00
6.23946  e4  c8
6.23977  00  9c
6.24004  b2  6a
6.24034  00  5a
6.24063  00  02
6.24090  00  46

6.28658  90  00
6.28686  00  00
6.28714  00  90
6.28741  0a  00
6.28768  00  aa
6.28795  b0  00
6.28824  00  16
6.28851  00  16
6.28878  a0  50
6.28907  00  00
6.28934  e4  c8
6.28965  00  9c
6.28992  b2  6a
6.29022  00  5a
6.29050  00  02
6.29077  00  46

6.33645  90  00
6.33674  00  00
6.33702  00  90
6.33729  0a  00
6.33756  00  aa
6.33782  b0  00
6.33811  00  16
6.33838  00  16
6.33865  a0  50
6.33894  00  00
6.33921  e4  c8
6.33952  00  9c
6.33979  b2  6a
6.34009  00  5a
6.34037  00  02
6.34064  00  46

6.38633  90  00
6.38661  00  00
6.38689  00  90
6.38716  0a  00
6.38743  00  aa
6.38769  b0  00
6.38799  00  16
6.38826  00  16
6.38853  a0  50
6.38882  00  00
6.38909  e4  c8
6.38940  00  9c
6.38967  b2  6a
6.38997  00  5a
6.39025  00  02
6.39052  00  46

6.43620  90  00
6.43648  00  00
6.43676  00  90
6.43703  0a  00
6.43730  00  aa
6.43757  b0  00
6.43786  00  16
6.43813  00  16
6.43840  a0  50
6.43869  00  00
6.43896  e4  c8
6.43927  00  9c
6.43954  b2  6a
6.43984  00  5a
6.44012  00  02
6.44039  00  46

6.48607  90  00
6.48635  00  00
6.48663  00  90
6.48690  0a  00
6.48718  00  aa
6.48744  b0  00
6.48773  00  16
6.48800  00  16
6.48827  a0  50
6.48856  00  00
6.48883  e4  c8
6.48914  00  9c
6.48941  b2  6a
6.48971  00  5a
6.49000  00  02
6.49027  00  46

6.53594  90  00
6.53623  00  00
6.53650  00  90
6.53678  0a  00
6.53704  00  aa
6.53731  b0  00
6.53760  00  16
6.53787  00  16
6.53814  a0  50
6.53843  00  00
6.53870  e4  c8
6.53901  00  9c
6.53928  b2  6a
6.53958  00  5a
6.53986  00  02
6.54013  00  46

6.58582  90  00
6.58610  00  00
6.58638  00  90
6.58665  0a  00
6.58693  00  aa
6.58719  b0  00
6.58748  00  16
6.58776  00  16
6.58803  a0  50
6.58831  00  00
6.58858  e4  c8
6.58890  00  9c
6.58917  b2  6a
6.58947  00  5a
6.58974  00  02
6.59001  00  46

6.63569  90  00
6.63598  00  00
6.63625  00  90
6.63653  0a  00
6.63679  00  aa
6.63706  b0  00
6.63735  00  16
6.63762  00  16
6.63789  a0  50
6.63818  00  00
6.63845  e4  c8
6.63876  00  9c
6.63903  b2  6a
6.63933  00  5a
6.63961  00  02
6.63988  00  46

6.68556  90  00
6.68585  00  00
6.68613  00  90
6.68640  0a  00
6.68667  00  aa
6.68693  b0  00
6.68722  00  16
6.68749  00  16
6.68776  a0  50
6.68805  00  00
6.68832  e4  c8
6.68863  00  9c
6.68890  b2  6a
6.68920  00  5a
6.68948  00  02
6.68975  00  46

6.73544  90  00
6.73572  00  00
6.73600  00  90
6.73627  0a  00
6.73654  00  aa
6.73680  b0  00
6.73710  00  16
6.73737  00  16
6.73764  a0  50
6.73793  00  00
6.73820  e4  c8
6.73851  00  9c
6.73878  b2  6a
6.73908  00  5a
6.73936  00  02
6.73963  00  46

6.78531  90  00
6.78559  00  00
6.78587  00  90
6.78614  0a  00
6.78641  00  aa
6.78668  b0  00
6.78696  00  16
6.78723  00  16
6.78750  a0  50
6.78779  00  00
6.78806  e4  c8
6.78837  00  9c
6.78864  b2  6a
6.78894  00  5a
6.78923  00  02
6.78950  00  46

6.83518  90  00
6.83546  00  00
6.83574  00  90
6.83601  0a  00
6.83628  00  aa
6.83655  b0  00
6.83684  00  16
6.83711  00  16
6.83738  a0  50
6.83767  00  00
6.83794  e4  c8
6.83825  00  9c
6.83852  b2  6a
6.83882  00  5a
6.83911  00  02
6.83938  00  46

6.88506  90  00
6.88534  00  00
6.88562  00  90
6.88589  0a  00
6.88617  00  aa
6.88643  b0  00
6.88672  00  16
6.88699  00  16
6.88726  a0  50
6.88755  00  00
6.88782  e4  c8
6.88813  00  9c
6.88840  b2  6a
6.88871  00  5a
6.88897  00  02
6.88924  00  46

6.93493  90  00
6.93522  00  00
6.93549  00  90
6.93577  0a  00
6.93604  00  aa
6.93630  b0  00
6.93660  00  16
6.93686  00  16
6.93713  a0  50
6.93742  00  00
6.93769  e4  c8
6.93800  00  9c
6.93827  b2  6a
6.93856  00  5a
6.93885  00  02
6.93912  00  46

6.98480  90  00
6.98509  00  00
6.98537  00  90
6.98564  0a  00
6.98590  00  aa
6.98617  b0  00
6.98646  00  16
6.98673  00  16
6.98700  a0  50
6.98729  00  00
6.98756  e4  c8
6.98787  00  9c
6.98814  b2  6a
6.98844  00  5a
6.98873  00  02
6.98900  00  46

7.03468  90  00
7.03496  00  00
7.03523  00  90
7.03551  0a  00
7.03577  00  aa
7.03604  b0  00
7.03633  00  16
7.03661  00  16
7.03688  a0  50
7.03717  00  00
7.03744  e4  c8
7.03775  00  9c
7.03802  b2  6a
7.03831  00  5a
7.03860  00  02
7.03887  00  46

7.08455  90  00
7.08484  00  00
7.08511  00  90
7.08538  0a  00
7.08565  00  aa
7.08592  b0  00
7.08621  00  16
7.08648  00  16
7.08675  a0  50
7.08704  00  00
7.08731  e4  c8
7.08762  00  9c
7.08789  b2  6a
7.08819  00  5a
7.08847  00  02
7.08874  00  46

7.13442  90  00
7.13470  00  00
7.13498  00  90
7.13525  0a  00
7.13552  00  aa
7.13579  b0  00
7.13608  00  16
7.13635  00  16
7.13661  a0  50
7.13690  00  00
7.13717  e4  c8
7.13748  00  9c
7.13775  b2  6a
7.13806  00  5a
7.13835  00  02
7.13861  00  46

7.18429  90  00
7.18458  00  00
7.18485  00  90
7.18513  0a  00
7.18540  00  aa
7.18566  b0  00
7.18595  00  16
7.18622  00  16
7.18650  a0  50
7.18678  00  00
7.18705  e4  c8
7.18736  00  9c
7.18763  b2  6a
7.18794  00  5a
7.18821  00  02
7.18848  00  46

7.23417  90  00
7.23445  00  00
7.23473  00  90
7.23500  0a  00
7.23528  00  aa
7.23554  b0  00
7.23583  00  16
7.23610  00  16
7.23637  a0  50
7.23665  00  00
7.23692  e4  c8
7.23723  00  9c
7.23750  b2  6a
7.23780  00  5a
7.23806  00  02
7.23833  00  46

7.28404  90  00
7.28433  00  00
7.28460  00  90
7.28488  0a  00
7.28515  00  aa
7.28541  b0  00
7.28571  00  16
7.28597  00  16
7.28624  a0  50
7.28653  00  00
7.28680  e4  c8
7.28711  00  9c
7.28738  b2  6a
7.28768  00  5a
7.28796  00  02
7.28823  00  46

7.33391  90  00
7.33419  00  00
7.33447  00  90
7.33474  0a  00
7.33501  00  aa
7.33527  b0  00
7.33556  00  16
7.33584  00  16
7.33611  a0  50
7.33640  00  00
7.33667  e4  c8
7.33698  00  9c
7.33725  b2  6a
7.33756  00  5a
7.33784  00  02
7.33811  00  46

7.38379  90  00
7.38407  00  00
7.38435  00  90
7.38462  0a  00
7.38489  00  aa
7.38515  b0  00
7.38545  00  16
7.38572  00  16
7.38599  a0  50
7.38628  00  00
7.38655  e4  c8
7.38686  00  9c
7.38713  b2  6a
7.38743  00  5a
7.38771  00  02
7.38798  00  46

7.43366  90  00
7.43395  00  00
7.43422  00  90
7.43450  0a  00
7.43477  00  aa
7.43503  b0  00
7.43533  00  16
7.43560  00  16
7.43587  a0  50
7.43615  00  00
7.43642  e4  c8
7.43673  00  9c
7.43700  b2  6a
7.43730  00  5a
7.43758  00  02
7.43785  00  46

7.48353  90  00
7.48382  00  00
7.48410  00  90
7.48437  0a  00
7.48464  00  aa
7.48490  b0  00
7.48519  00  16
7.48546  00  16
7.48573  a0  50
7.48602  00  00
7.48628  e4  c8
7.48660  00  9c
7.48687  b2  6a
7.48717  00  5a
7.48746  00  02
7.48773  00  46

7.53341  90  00
7.53369  00  00
7.53397  00  90
7.53424  0a  00
7.53451  00  aa
7.53477  b0  00
7.53507  00  16
7.53534  00  16
7.53561  a0  50
7.53590  00  00
7.53617  e4  c8
7.53648  00  9c
7.53675  b2  6a
7.53705  00  5a
7.53733  00  02
7.53760  00  46

7.58328  90  00
7.58367  00  00
7.58397  00  90
7.58454  0a  00
7.58481  00  aa
7.58508  b0  00
7.58537  00  16
7.58564  00  16
7.58591  a0  50
7.58620  00  00
7.58647  e4  c8
7.58679  00  9c
7.58705  b2  6a
7.58735  00  5a
7.58762  00  02
7.58789  00  46

7.63315  90  00
7.63343  00  00
7.63371  00  90
7.63398  0a  00
7.63426  00  aa
7.63452  b0  00
7.63481  00  16
7.63508  00  16
7.63535  a0  50
7.63564  00  00
7.63591  e4  c8
7.63622  00  9c
7.63649  b2  6a
7.63679  00  5a
7.63707  00  02
7.63734  00  46

7.68302  90  00
7.68331  00  00
7.68358  00  90
7.68386  0a  00
7.68413  00  aa
7.68439  b0  00
7.68469  00  16
7.68496  00  16
7.68523  a0  50
7.68551  00  00
7.68578  e4  c8
7.68610  00  9c
7.68637  b2  6a
7.68667  00  5a
7.68695  00  02
7.68722  00  46

7.73290  90  00
7.73319  00  00
7.73346  00  90
7.73373  0a  00
7.73400  00  aa
7.73426  b0  00
7.73455  00  16
7.73482  00  16
7.73509  a0  50
7.73538  00  00
7.73565  e4  c8
7.73596  00  9c
7.73623  b2  6a
7.73653  00  5a
7.73680  00  02
7.73707  00  46

7.78277  90  00
7.78306  00  00
7.78333  00  90
7.78361  0a  00
7.78388  00  aa
7.78415  b0  00
7.78444  00  16
7.78470  00  16
7.78497  a0  50
7.78526  00  00
7.78553  e4  c8
7.78584  00  9c
7.78611  b2  6a
7.78641  00  5a
7.78669  00  02
7.78697  00  46

7.83264  90  00
7.83293  00  00
7.83321  00  90
7.83348  0a  00
7.83375  00  aa
7.83402  b0  00
7.83431  00  16
7.83458  00  16
7.83484  a0  50
7.83513  00  00
7.83540  e4  c8
7.83571  00  9c
7.83598  b2  6a
7.83628  00  5a
7.83657  00  02
7.83684  00  46

7.88252  90  00
7.88280  00  00
7.88307  00  90
7.88335  0a  00
7.88362  00  aa
7.88388  b0  00
7.88417  00  16
7.88445  00  16
7.88472  a0  50
7.88501  00  00
7.88528  e4  c8
7.88559  00  9c
7.88586  b2  6a
7.88616  00  5a
7.88644  00  02
7.88671  00  46

7.93239  90  00
7.93268  00  00
7.93295  00  90
7.93323  0a  00
7.93349  00  aa
7.93376  b0  00
7.93405  00  16
7.93432  00  16
7.93458  a0  50
7.93487  00  00
7.93514  e4  c8
7.93546  00  9c
7.93572  b2  6a
7.93602  00  5a
7.93628  00  02
7.93655  00  46

7.98226  90  00
7.98254  00  00
7.98282  00  90
7.98309  0a  00
7.98336  00  aa
7.98362  b0  00
7.98392  00  16
7.98419  00  16
7.98446  a0  50
7.98475  00  00
7.98502  e4  c8
7.98533  00  9c
7.98560  b2  6a
7.98589  00  5a
7.98616  00  02
7.98643  00  46

8.03214  90  00
8.03242  00  00
8.03269  00  90
8.03297  0a  00
8.03323  00  aa
8.03350  b0  00
8.03379  00  16
8.03406  00  16
8.03433  a0  50
8.03461  00  00
8.03488  e4  c8
8.03520  00  9c
8.03547  b2  6a
8.03576  00  5a
8.03602  00  02
8.03629  00  46

8.08201  90  00
8.08230  00  00
8.08257  00  90
8.08285  0a  00
8.08312  00  aa
8.08338  b0  00
8.08367  00  16
8.08394  00  16
8.08421  a0  50
8.08450  00  00
8.08477  e4  c8
8.08508  00  9c
8.08535  b2  6a
8.08564  00  5a
8.08593  00  02
8.08620  00  46

8.13188  90  00
8.13217  00  00
8.13245  00  90
8.13272  0a  00
8.13299  00  aa
8.13326  b0  00
8.13355  00  16
8.13381  00  16
8.13408  a0  50
8.13437  00  00
8.13464  e4  c8
8.13495  00  9c
8.13522  b2  6a
8.13552  00  5a
8.13581  00  02
8.13608  00  46

8.18176  90  00
8.18204  00  00
8.18232  00  90
8.18259  0a  00
8.18286  00  aa
8.18313  b0  00
8.18342  00  16
8.18369  00  16
8.18396  a0  50
8.18425  00  00
8.18452  e4  c8
8.18483  00  9c
8.18510  b2  6a
8.18540  00  5a
8.18568  00  02
8.18595  00  46

8.23163  90  00
8.23191  00  00
8.23219  00  90
8.23246  0a  00
8.23273  00  aa
8.23299  b0  00
8.23328  00  16
8.23355  00  16
8.23382  a0  50
8.23411  00  00
8.23438  e4  c8
8.23469  00  9c
8.23496  b2  6a
8.23526  00  5a
8.23552  00  02
8.23579  00  46

8.28150  90  00
8.28178  00  00
8.28206  00  90
8.28233  0a  00
8.28260  00  aa
8.28286  b0  00
8.28316  00  16
8.28343  00  16
8.28370  a0  50
8.28399  00  00
8.28426  e4  c8
8.28457  00  9c
8.28484  b2  6a
8.28514  00  5a
8.28543  00  02
8.28570  00  46

8.33137  90  00
8.33166  00  00
8.33193  00  90
8.33221  0a  00
8.33247  00  aa
8.33274  b0  00
8.33303  00  16
8.33330  00  16
8.33357  a0  50
8.33386  00  00
8.33413  e4  c8
8.33444  00  9c
8.33471  b2  6a
8.33501  00  5a
8.33529  00  02
8.33556  00  46

8.38125  90  00
8.38154  00  00
8.38181  00  90
8.38208  0a  00
8.38235  00  aa
8.38261  b0  00
8.38291  00  16
8.38318  00  16
8.38345  a0  50
8.38374  00  00
8.38401  e4  c8
8.38432  00  9c
8.38459  b2  6a
8.38488  00  5a
8.38517  00  02
8.38544  00  46

8.43112  90  00
8.43141  00  00
8.43168  00  90
8.43196  0a  00
8.43222  00  aa
8.43249  b0  00
8.43278  00  16
8.43305  00  16
8.43332  a0  50
8.43360  00  00
8.43387  e4  c8
8.43418  00  9c
8.43445  b2  6a
8.43476  00  5a
8.43505  00  02
8.43532  00  46

8.48099  90  00
8.48128  00  00
8.48156  00  90
8.48183  0a  00
8.48210  00  aa
8.48237  b0  00
8.48266  00  16
8.48293  00  16
8.48319  a0  50
8.48348  00  00
8.48375  e4  c8
8.48406  00  9c
8.48433  b2  6a
8.48464  00  5a
8.48492  00  02
8.48519  00  46

8.53087  90  00
8.53115  00  00
8.53142  00  90
8.53170  0a  00
8.53197  00  aa
8.53223  b0  00
8.53253  00  16
8.53280  00  16
8.53307  a0  50
8.53336  00  00
8.53363  e4  c8
8.53394  00  9c
8.53421  b2  6a
8.53451  00  5a
8.53479  00  02
8.53506  00  46

8.58074  90  00
8.58102  00  00
8.58130  00  90
8.58157  0a  00
8.58185  00  aa
8.58211  b0  00
8.58240  00  16
8.58267  00  16
8.58294  a0  50
8.58323  00  00
8.58350  e4  c8
8.58381  00  9c
8.58408  b2  6a
8.58438  00  5a
8.58466  00  02
8.58493  00  46

8.63061  90  00
8.63090  00  00
8.63118  00  90
8.63145  0a  00
8.63172  00  aa
8.63199  b0  00
8.63228  00  16
8.63255  00  16
8.63282  a0  50
8.63311  00  00
8.63338  e4  c8
8.63369  00  9c
8.63396  b2  6a
8.63426  00  5a
8.63453  00  02
8.63480  00  46

8.68049  90  00
8.68077  00  00
8.68105  00  90
8.68132  0a  00
8.68159  00  aa
8.68185  b0  00
8.68214  00  16
8.68241  00  16
8.68268  a0  50
8.68297  00  00
8.68324  e4  c8
8.68355  00  9c
8.68382  b2  6a
8.68412  00  5a
8.68441  00  02
8.68468  00  46

8.73036  90  00
8.73065  00  00
8.73092  00  90
8.73120  0a  00
8.73146  00  aa
8.73173  b0  00
8.73202  00  16
8.73229  00  16
8.73256  a0  50
8.73285  00  00
8.73312  e4  c8
8.73343  00  9c
8.73370  b2  6a
8.73400  00  5a
8.73428  00  02
8.73455  00  46

8.78023  90  00
8.78052  00  00
8.78080  00  90
8.78107  0a  00
8.78134  00  aa
8.78160  b0  00
8.78189  00  16
8.78216  00  16
8.78243  a0  50
8.78272  00  00
8.78299  e4  c8
8.78330  00  9c
8.78357  b2  6a
8.78388  00  5a
8.78416  00  02
8.78443  00  46

8.83011  90  00
8.83039  00  00
8.83066  00  90
8.83094  0a  00
8.83121  00  aa
8.83147  b0  00
8.83177  00  16
8.83204  00  16
8.83230  a0  50
8.83259  00  00
8.83286  e4  c8
8.83317  00  9c
8.83344  b2  6a
8.83374  00  5a
8.83402  00  02
8.83429  00  46

8.87998  90  00
8.88026  00  00
8.88054  00  90
8.88081  0a  00
8.88108  00  aa
8.88135  b0  00
8.88164  00  16
8.88191  00  16
8.88218  a0  50
8.88247  00  00
8.88274  e4  c8
8.88305  00  9c
8.88332  b2  6a
8.88362  00  5a
8.88390  00  02
8.88417  00  46

8.92985  90  00
8.93013  00  00
8.93041  00  90
8.93068  0a  00
8.93096  00  aa
8.93122  b0  00
8.93151  00  16
8.93179  00  16
8.93206  a0  50
8.93234  00  00
8.93261  e4  c8
8.93292  00  9c
8.93319  b2  6a
8.93348  00  5a
8.93377  00  02
8.93404  00  46

8.97973  90  00
8.98001  00  00
8.98029  00  90
8.98056  0a  00
8.98083  00  aa
8.98110  b0  00
8.98139  00  16
8.98166  00  16
8.98193  a0  50
8.98222  00  00
8.98249  e4  c8
8.98280  00  9c
8.98307  b2  6a
8.98337  00  5a
8.98364  00  02
8.98391  00  46

9.02960  90  00
9.02989  00  00
9.03016  00  90
9.03043  0a  00
9.03070  00  aa
9.03097  b0  00
9.03125  00  16
9.03152  00  16
9.03179  a0  50
9.03208  00  00
9.03235  e4  c8
9.03266  00  9c
9.03293  b2  6a
9.03323  00  5a
9.03350  00  02
9.03377  00  46

9.07947  90  00
9.07976  00  00
9.08003  00  90
9.08031  0a  00
9.08057  00  aa
9.08084  b0  00
9.08113  00  16
9.08140  00  16
9.08167  a0  50
9.08196  00  00
9.08223  e4  c8
9.08254  00  9c
9.08281  b2  6a
9.08311  00  5a
9.08340  00  02
9.08366  00  46

9.12934  90  00
9.12963  00  00
9.12991  00  90
9.13018  0a  00
9.13045  00  aa
9.13071  b0  00
9.13101  00  16
9.13127  00  16
9.13155  a0  50
9.13183  00  00
9.13210  e4  c8
9.13242  00  9c
9.13269  b2  6a
9.13299  00  5a
9.13327  00  02
9.13354  00  46

9.17922  90  00
9.17950  00  00
9.17977  00  90
9.18005  0a  00
9.18032  00  aa
9.18058  b0  00
9.18088  00  16
9.18115  00  16
9.18142  a0  50
9.18171  00  00
9.18198  e4  c8
9.18229  00  9c
9.18256  b2  6a
9.18286  00  5a
9.18314  00  02
9.18341  00  46

9.22909  90  00
9.22937  00  00
9.22965  00  90
9.22992  0a  00
9.23019  00  aa
9.23046  b0  00
9.23075  00  16
9.23102  00  16
9.23129  a0  50
9.23158  00  00
9.23185  e4  c8
9.23216  00  9c
9.23243  b2  6a
9.23273  00  5a
9.23302  00  02
9.23329  00  46

9.27896  90  00
9.27925  00  00
9.27953  00  90
9.27980  0a  00
9.28007  00  aa
9.28034  b0  00
9.28063  00  16
9.28090  00  16
9.28117  a0  50
9.28146  00  00
9.28173  e4  c8
9.28204  00  9c
9.28231  b2  6a
9.28261  00  5a
9.28288  00  02
9.28315  00  46

9.32884  90  00
9.32912  00  00
9.32940  00  90
9.32967  0a  00
9.32995  00  aa
9.33021  b0  00
9.33050  00  16
9.33077  00  16
9.33104  a0  50
9.33133  00  00
9.33160  e4  c8
9.33191  00  9c
9.33218  b2  6a
9.33249  00  5a
9.33276  00  02
9.33303  00  46

9.37871  90  00
9.37900  00  00
9.37927  00  90
9.37956  0a  00
9.37983  00  aa
9.38010  b0  00
9.38039  00  16
9.38066  00  16
9.38093  a0  50
9.38122  00  00
9.38149  e4  c8
9.38180  00  9c
9.38207  b2  6a
9.38237  00  5a
9.38264  00  02
9.38291  00  46

9.42858  90  00
9.42887  00  00
9.42915  00  90
9.42942  0a  00
9.42969  00  aa
9.42995  b0  00
9.43024  00  16
9.43051  00  16
9.43078  a0  50
9.43107  00  00
9.43134  e4  c8
9.43165  00  9c
9.43192  b2  6a
9.43222  00  5a
9.43250  00  02
9.43277  00  46

9.47846  90  00
9.47874  00  00
9.47902  00  90
9.47929  0a  00
9.47956  00  aa
9.47982  b0  00
9.48012  00  16
9.48039  00  16
9.48066  a0  50
9.48095  00  00
9.48122  e4  c8
9.48153  00  9c
9.48180  b2  6a
9.48210  00  5a
9.48238  00  02
9.48265  00  46

9.52833  90  00
9.52861  00  00
9.52889  00  90
9.52916  0a  00
9.52943  00  aa
9.52970  b0  00
9.52999  00  16
9.53026  00  16
9.53053  a0  50
9.53082  00  00
9.53109  e4  c8
9.53140  00  9c
9.53167  b2  6a
9.53197  00  5a
9.53225  00  02
9.53252  00  46

9.57820  90  00
9.57848  00  00
9.57876  00  90
9.57903  0a  00
9.57930  00  aa
9.57957  b0  00
9.57985  00  16
9.58013  00  16
9.58040  a0  50
9.58069  00  00
9.58096  e4  c8
9.58127  00  9c
9.58154  b2  6a
9.58183  00  5a
9.58210  00  02
9.58237  00  46

9.62808  90  00
9.62836  00  00
9.62864  00  90
9.62891  0a  00
9.62918  00  aa
9.62945  b0  00
9.62974  00  16
9.63001  00  16
9.63028  a0  50
9.63057  00  00
9.63084  e4  c8
9.63115  00  9c
9.63142  b2  6a
9.63172  00  5a
9.63199  00  02
9.63226  00  46

9.67795  90  00
9.67824  00  00
9.67851  00  90
9.67879  0a  00
9.67905  00  aa
9.67932  b0  00
9.67960  00  16
9.67987  00  16
9.68014  a0  50
9.68043  00  00
9.68070  e4  c8
9.68101  00  9c
9.68128  b2  6a
9.68158  00  5a
9.68187  00  02
9.68214  00  46

9.72782  90  00
9.72811  00  00
9.72839  00  90
9.72866  0a  00
9.72892  00  aa
9.72919  b0  00
9.72948  00  16
9.72975  00  16
9.73002  a0  50
9.73031  00  00
9.73058  e4  c8
9.73089  00  9c
9.73116  b2  6a
9.73146  00  5a
9.73175  00  02
9.73202  00  46

9.77770  90  00
9.77798  00  00
9.77826  00  90
9.77853  0a  00
9.77880  00  aa
9.77906  b0  00
9.77936  00  16
9.77963  00  16
9.77990  a0  50
9.78018  00  00
9.78046  e4  c8
9.78077  00  9c
9.78104  b2  6a
9.78133  00  5a
9.78161  00  02
9.78188  00  46

9.82757  90  00
9.82786  00  00
9.82813  00  90
9.82840  0a  00
9.82867  00  aa
9.82894  b0  00
9.82923  00  16
9.82950  00  16
9.82977  a0  50
9.83006  00  00
9.83033  e4  c8
9.83064  00  9c
9.83091  b2  6a
9.83121  00  5a
9.83149  00  02
9.83176  00  46

9.87370  c0  00
9.87398  00  00
9.87425  00  00
9.87453  90  00
9.87481  00  00
9.87509  00  90
9.87538  07  00
9.87577  0e  07
9.87605  0f  0e
9.87660  90  0f
9.87689  00  00
9.87716  00  90
