# time   MOSI  MISO
0.00015  00  08
0.00093  0a  00
0.00120  00  aa
0.00149  0a  00
0.00175  00  aa
0.00202  80  00
0.00230  0a  81
0.00258  99  87
0.00286  01  00
0.00313  00  c8
0.00340  00  00
0.00367  00  c8
0.00395  00  00
0.00422  00  00
0.00451  b0  00
0.00480  00  16
0.00507  00  16
0.00535  a0  50
0.00564  00  00
0.00591  e4  c8
0.00623  00  9c
0.00649  00  6a
0.00688  50  00
0.00715  2d  50
0.00746  90  50
0.00774  00  00
0.00801  00  90
0.00828  0c  00

0.01843  90  0c
0.01872  00  00
0.01900  00  90
0.01927  0a  00
0.01954  00  aa
0.01981  b0  00
0.02010  00  16
0.02037  00  16
0.02064  a0  50
0.02093  00  00
0.02120  e4  c8
0.02151  00  9c
0.02178  b2  6a
0.02208  00  5a
0.02235  00  02
0.02262  00  46

0.06582  f0  00
0.06611  b0  11
0.06640  00  16
0.06667  00  16
0.06694  00  50
0.06724  c0  00
0.06752  00  00
0.06779  00  00

0.11397  e0  00
0.11428  00  c2
0.11455  ea  51
0.11487  00  9c
0.11514  00  46
0.11541  00  00
0.11568  00  00
0.11595  00  00
0.11622  e8  00
0.11654  00  22
0.11681  00  16
0.11708  00  00
0.11735  00  00
0.11762  00  00
0.11790  00  00
0.11823  f8  00
0.11851  fc  b3
0.11881  fa  be
0.11911  fe  ba
0.11941  00  c5
0.11982  90  00
0.12011  00  00
0.12038  00  90
0.12065  b0  00
0.12094  7f  16
0.12120  ff  16
0.12147  0a  50
0.12174  00  aa
0.12201  b0  00
0.12230  00  16
0.12257  00  16
0.12284  a0  50
0.12312  00  00
0.12340  e4  c8
0.12371  00  9c
0.12398  b2  6a
0.12428  00  5a
0.12455  00  02
0.12482  00  46

0.12679  f0  00
0.12707  b0  11
0.12736  00  16
0.12762  00  16
0.12789  00  50
0.12821  c0  00
0.12850  00  00
0.12877  00  00

0.17528  e0  00
0.17559  00  c2
0.17586  ea  51
0.17618  00  9c
0.17645  00  46
0.17672  00  00
0.17699  00  00
0.17726  00  00
0.17754  e8  00
0.17786  00  22
0.17813  00  16
0.17840  00  00
0.17867  00  00
0.17894  00  00
0.17921  00  00
0.17952  f8  00
0.17981  fc  b3
0.18011  fa  be
0.18040  fe  ba
0.18071  00  c5
0.18114  90  00
0.18142  00  00
0.18170  00  90
0.18196  b0  00
0.18226  7f  16
0.18253  ff  16
0.18280  0a  50
0.18307  00  aa
0.18333  b0  00
0.18363  00  16
0.18390  00  16
0.18417  a0  50
0.18446  00  00
0.18473  e4  c8
0.18505  00  9c
0.18532  b2  6a
0.18562  00  5a
0.18590  00  02
0.18617  00  46

0.18809  f0  00
0.18837  b0  11
0.18866  00  16
0.18892  00  16
0.18919  00  50
0.18949  c0  00
0.18978  00  00
0.19005  00  00

0.23680  e0  00
0.23712  00  c2
0.23739  ea  51
0.23771  00  9c
0.23798  00  46
0.23825  00  00
0.23852  00  00
0.23879  00  00
0.23907  e8  00
0.23939  00  22
0.23966  00  16
0.23993  00  00
0.24020  00  00
0.24047  00  00
0.24076  00  00
0.24107  f8  00
0.24136  fc  b3
0.24165  fa  be
0.24195  fe  ba
0.24225  00  c5
0.24266  90  00
0.24295  00  00
0.24322  00  90
0.24349  b0  00
0.24378  7f  16
0.24405  ff  16
0.24432  0a  50
0.24460  00  aa
0.24487  b0  00
0.24516  00  16
0.24543  00  16
0.24570  a0  50
0.24598  00  00
0.24625  e4  c8
0.24657  00  9c
0.24685  b2  6a
0.24714  00  5a
0.24741  00  02
0.24768  00  46

0.24974  f0  00
0.25002  b0  11
0.25031  00  16
0.25058  00  16
0.25085  00  50
0.25115  c0  00
0.25144  00  00
0.25170  00  00

0.29865  e0  00
0.29896  00  c2
0.29922  ea  51
0.29954  00  9c
0.29982  00  46
0.30009  00  00
0.30036  00  00
0.30063  00  00
0.30090  e8  00
0.30122  00  22
0.30149  00  16
0.30177  00  00
0.30204  00  00
0.30231  00  00
0.30260  00  00
0.30291  f8  00
0.30320  fc  b3
0.30349  fa  be
0.30379  fe  ba
0.30409  00  c5
0.30450  90  00
0.30479  00  00
0.30506  00  90
0.30533  b0  00
0.30562  7f  16
0.30589  ff  16
0.30616  0a  50
0.30644  00  aa
0.30671  b0  00
0.30700  00  16
0.30727  00  16
0.30754  a0  50
0.30784  00  00
0.30811  e4  c8
0.30842  00  9c
0.30869  b2  6a
0.30899  00  5a
0.30926  00  02
0.30953  00  46

0.31145  f0  00
0.31174  b0  11
0.31202  00  16
0.31229  00  16
0.31258  00  50
0.31288  c0  00
0.31316  00  00
0.31343  00  00

0.36059  e0  00
0.36090  00  c2
0.36117  ea  51
0.36149  00  9c
0.36176  00  46
0.36203  00  00
0.36230  00  00
0.36257  00  00
0.36285  e8  00
0.36317  00  22
0.36345  00  16
0.36372  00  00
0.36399  00  00
0.36426  00  00
0.36455  00  00
0.36486  f8  00
0.36515  fc  b3
0.36544  fa  be
0.36574  fe  ba
0.36604  00  c5
0.36645  90  00
0.36674  00  00
0.36702  00  90
0.36728  b0  00
0.36758  7f  16
0.36785  ff  16
0.36812  0a  50
0.36839  00  aa
0.36867  b0  00
0.36895  00  16
0.36922  00  16
0.36949  a0  50
0.36978  00  00
0.37005  e4  c8
0.37036  00  9c
0.37063  b2  6a
0.37093  00  5a
0.37119  00  02
0.37146  00  46

0.37336  f0  00
0.37365  b0  11
0.37394  00  16
0.37420  00  16
0.37447  00  50
0.37477  c0  00
0.37506  00  00
0.37533  00  00

0.42260  e0  00
0.42291  00  c2
0.42318  ea  51
0.42350  00  9c
0.42377  00  46
0.42404  00  00
0.42431  00  00
0.42458  00  00
0.42486  e8  00
0.42518  00  22
0.42545  00  16
0.42572  00  00
0.42599  00  00
0.42629  00  00
0.42657  00  00
0.42688  f8  00
0.42716  fc  b3
0.42746  fa  be
0.42776  fe  ba
0.42806  00  c5
0.42850  90  00
0.42879  00  00
0.42906  00  90
0.42933  b0  00
0.42962  7f  16
0.42988  ff  16
0.43016  0a  50
0.43043  00  aa
0.43069  b0  00
0.43098  00  16
0.43125  00  16
0.43152  a0  50
0.43181  00  00
0.43208  e4  c8
0.43239  00  9c
0.43266  b2  6a
0.43296  00  5a
0.43322  00  02
0.43349  00  46

0.43542  f0  00
0.43570  b0  11
0.43599  00  16
0.43626  00  16
0.43653  00  50
0.43683  c0  00
0.43712  00  00
0.43738  00  00

0.48438  e0  00
0.48469  00  c2
0.48496  ea  51
0.48528  00  9c
0.48555  00  46
0.48582  00  00
0.48609  00  00
0.48636  00  00
0.48664  e8  00
0.48696  00  22
0.48724  00  16
0.48751  00  00
0.48778  00  00
0.48805  00  00
0.48832  00  00
0.48863  f8  00
0.48892  fc  b3
0.48923  fa  be
0.48953  fe  ba
0.48983  00  c5
0.49027  90  00
0.49055  00  00
0.49083  00  90
0.49110  b0  00
0.49139  7f  16
0.49166  ff  16
0.49193  0a  50
0.49220  00  aa
0.49246  b0  00
0.49275  00  16
0.49302  00  16
0.49329  a0  50
0.49358  00  00
0.49385  e4  c8
0.49416  00  9c
0.49443  b2  6a
0.49473  00  5a
0.49499  00  02
0.49526  00  46

0.49723  f0  00
0.49752  b0  11
0.49780  00  16
0.49807  00  16
0.49834  00  50
0.49864  c0  00
0.49893  00  00
0.49921  00  00

0.54650  e0  00
0.54681  00  c2
0.54721  ea  51
0.54754  00  9c
0.54781  00  46
0.54808  00  00
0.54835  00  00
0.54862  00  00
0.54890  e8  00
0.54922  00  22
0.54949  00  16
0.54976  00  00
0.55003  00  00
0.55030  00  00
0.55057  00  00
0.55088  f8  00
0.55117  fc  b3
0.55147  fa  be
0.55176  fe  ba
0.55207  00  c5
0.55248  90  00
0.55277  00  00
0.55305  00  90
0.55331  b0  00
0.55361  7f  16
0.55387  ff  16
0.55416  0a  50
0.55444  00  aa
0.55470  b0  00
0.55500  00  16
0.55526  00  16
0.55553  a0  50
0.55582  00  00
0.55609  e4  c8
0.55640  00  9c
0.55667  b2  6a
0.55697  00  5a
0.55724  00  02
0.55751  00  46

0.55944  f0  00
0.55972  b0  11
0.56001  00  16
0.56027  00  16
0.56054  00  50
0.56084  c0  00
0.56114  00  00
0.56140  00  00

0.60809  e0  00
0.60840  00  c2
0.60867  ea  51
0.60899  00  9c
0.60926  00  46
0.60953  00  00
0.60983  00  00
0.61010  00  00
0.61037  e8  00
0.61069  00  22
0.61096  00  16
0.61123  00  00
0.61150  00  00
0.61177  00  00
0.61204  00  00
0.61235  f8  00
0.61264  fc  b3
0.61294  fa  be
0.61323  fe  ba
0.61353  00  c5
0.61397  90  00
0.61425  00  00
0.61452  00  90
0.61481  b0  00
0.61510  7f  16
0.61537  ff  16
0.61564  0a  50
0.61591  00  aa
0.61618  b0  00
0.61647  00  16
0.61674  00  16
0.61701  a0  50
0.61730  00  00
0.61757  e4  c8
0.61787  00  9c
0.61815  b2  6a
0.61845  00  5a
0.61872  00  02
0.61899  00  46

0.62091  f0  00
0.62119  b0  11
0.62148  00  16
0.62175  00  16
0.62202  00  50
0.62232  c0  00
0.62261  00  00
0.62289  00  00

0.66978  e0  00
0.67009  00  c2
0.67036  ea  51
0.67068  00  9c
0.67095  00  46
0.67122  00  00
0.67149  00  00
0.67177  00  00
0.67205  e8  00
0.67237  00  22
0.67264  00  16
0.67291  00  00
0.67318  00  00
0.67345  00  00
0.67373  00  00
0.67404  f8  00
0.67432  fc  b3
0.67462  fa  be
0.67492  fe  ba
0.67522  00  c5
0.67563  90  00
0.67592  00  00
0.67619  00  90
0.67646  b0  00
0.67676  7f  16
0.67703  ff  16
0.67730  0a  50
0.67757  00  aa
0.67784  b0  00
0.67813  00  16
0.67840  00  16
0.67867  a0  50
0.67895  00  00
0.67922  e4  c8
0.67954  00  9c
0.67981  b2  6a
0.68011  00  5a
0.68038  00  02
0.68065  00  46

0.68255  f0  00
0.68283  b0  11
0.68312  00  16
0.68339  00  16
0.68366  00  50
0.68396  c0  00
0.68424  00  00
0.68451  00  00

0.73123  e0  00
0.73154  00  c2
0.73181  ea  51
0.73213  00  9c
0.73240  00  46
0.73267  00  00
0.73294  00  00
0.73321  00  00
0.73351  e8  00
0.73383  00  22
0.73410  00  16
0.73437  00  00
0.73464  00  00
0.73491  00  00
0.73519  00  00
0.73551  f8  00
0.73580  fc  b3
0.73609  fa  be
0.73639  fe  ba
0.73669  00  c5
0.73710  90  00
0.73739  00  00
0.73767  00  90
0.73793  b0  00
0.73823  7f  16
0.73850  ff  16
0.73877  0a  50
0.73904  00  aa
0.73931  b0  00
0.73960  00  16
0.73987  00  16
0.74014  a0  50
0.74043  00  00
0.74069  e4  c8
0.74101  00  9c
0.74128  b2  6a
0.74159  00  5a
0.74186  00  02
0.74213  00  46

0.74406  f0  00
0.74434  b0  11
0.74464  00  16
0.74491  00  16
0.74518  00  50
0.74548  c0  00
0.74577  00  00
0.74604  00  00

0.79311  e0  00
0.79342  00  c2
0.79369  ea  51
0.79401  00  9c
0.79428  00  46
0.79455  00  00
0.79482  00  00
0.79509  00  00
0.79537  e8  00
0.79569  00  22
0.79596  00  16
0.79623  00  00
0.79661  00  00
0.79688  00  00
0.79716  00  00
0.79749  f8  00
0.79778  fc  b3
0.79807  fa  be
0.79837  fe  ba
0.79867  00  c5
0.79908  90  00
0.79936  00  00
0.79964  00  90
0.79991  b0  00
0.80020  7f  16
0.80047  ff  16
0.80074  0a  50
0.80101  00  aa
0.80127  b0  00
0.80157  00  16
0.80183  00  16
0.80209  a0  50
0.80238  00  00
0.80265  e4  c8
0.80296  00  9c
0.80323  b2  6a
0.80353  00  5a
0.80380  00  02
0.80407  00  46

0.80599  f0  00
0.80628  b0  11
0.80657  00  16
0.80683  00  16
0.80710  00  50
0.80740  c0  00
0.80769  00  00
0.80795  00  00

0.85427  e0  00
0.85458  00  c2
0.85485  ea  51
0.85518  00  9c
0.85545  00  46
0.85572  00  00
0.85599  00  00
0.85626  00  00
0.85654  e8  00

0.86063  00  22
0.86090  00  16
0.86119  00  00
0.86146  00  00
0.86173  00  00
0.86201  00  00
0.86235  90  00
0.86263  00  00
0.86291  00  90
0.86347  90  00
0.86376  00  00
0.86404  00  90
0.86437  13  00
0.86464  25  13

0.90640  90  13
0.90668  00  00
0.90696  00  93
0.90753  07  00

0.90870  07  07
0.90907  90  07
0.90936  00  00
0.90963  00  93

0.98314  13  00
0.98341  80  13

1.02487  90  13
1.02516  00  00
1.02544  00  90

1.03428  0e  00
1.03456  0f  0e

1.03674  f0  0f
1.03703  b0  11
1.03732  00  16
1.03759  00  16
1.03786  00  50
1.03816  c0  00
1.03845  00  00
1.03874  00  00

1.08484  e0  00
1.08514  00  c2
1.08541  ea  51
1.08573  00  9c
1.08600  00  46
1.08627  00  00
1.08654  00  00
1.08681  00  00
1.08709  e8  00
1.08741  00  22
1.08768  00  16
1.08795  00  00
1.08822  00  00
1.08849  00  00
1.08876  00  00
1.08907  f8  00
1.08936  fc  b3
1.08965  fa  be
1.08995  fe  ba
1.09024  00  c5
1.09066  90  00
1.09095  00  00
1.09122  00  90
1.09149  b0  00
1.09178  7f  16
1.09204  ff  16
1.09231  0a  50
1.09261  00  aa
1.09287  b0  00
1.09316  00  16
1.09342  00  16
1.09371  a0  50
1.09400  00  00
1.09427  e4  c8
1.09460  00  9c
1.09487  b2  6a
1.09517  00  5a
1.09544  00  02
1.09583  00  46
1.09673  90  00
1.09701  00  00
1.09729  00  90
1.09756  0a  00
1.09783  00  aa
1.09810  b0  00
1.09839  00  16
1.09866  00  16
1.09893  a0  50
1.09921  00  00
1.09948  e4  c8
1.09980  00  9c
1.10006  b2  6a
1.10037  00  5a
1.10064  00  02
1.10091  00  46

1.14768  f0  00
1.14797  b0  11
1.14826  00  16
1.14853  00  16
1.14880  00  50
1.14910  c0  00
1.14939  00  00
1.14966  00  00

1.19600  e0  00
1.19630  00  c2
1.19657  ea  51
1.19689  00  9c
1.19716  00  46
1.19744  00  00
1.19771  00  00
1.19798  00  00
1.19826  e8  00
1.19859  00  22
1.19886  00  16
1.19913  00  00
1.19940  00  00
1.19967  00  00
1.19994  00  00
1.20025  f8  00
1.20054  fc  b3
1.20084  fa  be
1.20113  fe  ba
1.20143  00  c5
1.20185  90  00
1.20213  00  00
1.20243  00  90
1.20269  b0  00
1.20298  7f  16
1.20325  ff  16
1.20355  0a  50
1.20381  00  aa
1.20408  b0  00
1.20437  00  16
1.20464  00  16
1.20491  a0  50
1.20520  00  00
1.20547  e4  c8
1.20578  00  9c
1.20605  b2  6a
1.20635  00  5a
1.20662  00  02
1.20689  00  46

1.20881  f0  00
1.20910  b0  11
1.20941  00  16
1.20969  00  16
1.20995  00  50
1.21026  c0  00
1.21055  00  00
1.21081  00  00

1.24247  c0  00
1.24276  00  00
1.24303  00  00
1.24330  90  00
1.24358  00  00
1.24386  00  90
1.24413  07  00
1.24452  0e  07
1.24480  0f  0e
1.24512  90  0f
1.24540  00  00
1.24568  00  90

1.24782  90  00
1.24811  00  00
1.24838  00  90
1.24866  0a  00
1.24893  00  aa
1.24921  b0  00
1.24950  00  16
1.24976  00  16
1.25003  a0  50
1.25032  00  00
1.25059  e4  c8
1.25090  00  9c
1.25117  b2  6a
1.25147  00  5a
1.25174  00  02
1.25201  00  46

1.29825  90  00
1.29854  00  00
1.29882  00  90
1.29909  0a  00
1.29936  00  aa
1.29962  b0  00
1.29991  00  16
1.30018  00  16
1.30045  a0  50
1.30074  00  00
1.30101  e4  c8
1.30132  00  9c
1.30159  b2  6a
1.30189  00  5a
1.30218  00  02
1.30245  00  46

1.34813  90  00
1.34841  00  00
1.34869  00  90
1.34896  0a  00
1.34924  00  aa
1.34950  b0  00
1.34979  00  16
1.35006  00  16
1.35033  a0  50
1.35062  00  00
1.35089  e4  c8
1.35120  00  9c
1.35147  b2  6a
1.35177  00  5a
1.35205  00  02
1.35232  00  46

1.39800  90  00
1.39829  00  00
1.39857  00  90
1.39884  0a  00
1.39911  00  aa
1.39938  b0  00
1.39967  00  16
1.39994  00  16
1.40021  a0  50
1.40050  00  00
1.40077  e4  c8
1.40108  00  9c
1.40135  b2  6a
1.40165  00  5a
1.40192  00  02
1.40219  00  46

1.44788  90  00
1.44816  00  00
1.44844  00  90
1.44871  0a  00
1.44898  00  aa
1.44925  b0  00
1.44954  00  16
1.44981  00  16
1.45008  a0  50
1.45037  00  00
1.45064  e4  c8
1.45095  00  9c
1.45122  b2  6a
1.45152  00  5a
1.45179  00  02
1.45206  00  46

1.49775  90  00
1.49803  00  00
1.49831  00  90
1.49858  0a  00
1.49885  00  aa
1.49912  b0  00
1.49940  00  16
1.49967  00  16
1.49994  a0  50
1.50023  00  00
1.50050  e4  c8
1.50081  00  9c
1.50108  b2  6a
1.50138  00  5a
1.50167  00  02
1.50194  00  46

1.54762  90  00
1.54790  00  00
1.54818  00  90
1.54845  0a  00
1.54873  00  aa
1.54899  b0  00
1.54928  00  16
1.54955  00  16
1.54982  a0  50
1.55011  00  00
1.55038  e4  c8
1.55069  00  9c
1.55096  b2  6a
1.55127  00  5a
1.55155  00  02
1.55182  00  46

1.59750  90  00
1.59778  00  00
1.59806  00  90
1.59833  0a  00
1.59860  00  aa
1.59886  b0  00
1.59916  00  16
1.59943  00  16
1.59970  a0  50
1.59999  00  00
1.60026  e4  c8
1.60057  00  9c
1.60084  b2  6a
1.60114  00  5a
1.60142  00  02
1.60169  00  46

1.64737  90  00
1.64766  00  00
1.64793  00  90
1.64821  0a  00
1.64847  00  aa
1.64874  b0  00
1.64903  00  16
1.64930  00  16
1.64957  a0  50
1.64986  00  00
1.65013  e4  c8
1.65044  00  9c
1.65071  b2  6a
1.65101  00  5a
1.65130  00  02
1.65157  00  46

1.69724  90  00
1.69753  00  00
1.69781  00  90
1.69808  0a  00
1.69835  00  aa
1.69862  b0  00
1.69891  00  16
1.69918  00  16
1.69945  a0  50
1.69974  00  00
1.70001  e4  c8
1.70032  00  9c
1.70059  b2  6a
1.70089  00  5a
1.70116  00  02
1.70143  00  46

1.74712  90  00
1.74741  00  00
1.74768  00  90
1.74795  0a  00
1.74823  00  aa
1.74849  b0  00
1.74878  00  16
1.74905  00  16
1.74932  a0  50
1.74960  00  00
1.74987  e4  c8
1.75018  00  9c
1.75045  b2  6a
1.75075  00  5a
1.75104  00  02
1.75131  00  46

1.79699  90  00
1.79728  00  00
1.79756  00  90
1.79783  0a  00
1.79810  00  aa
1.79836  b0  00
1.79865  00  16
1.79892  00  16
1.79919  a0  50
1.79947  00  00
1.79974  e4  c8
1.80006  00  9c
1.80033  b2  6a
1.80063  00  5a
1.80092  00  02
1.80119  00  46

1.84687  90  00
1.84715  00  00
1.84742  00  90
1.84770  0a  00
1.84797  00  aa
1.84823  b0  00
1.84852  00  16
1.84879  00  16
1.84906  a0  50
1.84935  00  00
1.84962  e4  c8
1.84993  00  9c
1.85020  b2  6a
1.85050  00  5a
1.85079  00  02
1.85105  00  46

1.89674  90  00
1.89702  00  00
1.89730  00  90
1.89757  0a  00
1.89784  00  aa
1.89811  b0  00
1.89839  00  16
1.89866  00  16
1.89893  a0  50
1.89922  00  00
1.89949  e4  c8
1.89980  00  9c
1.90007  b2  6a
1.90037  00  5a
1.90064  00  02
1.90091  00  46

1.94661  90  00
1.94690  00  00
1.94718  00  90
1.94745  0a  00
1.94772  00  aa
1.94799  b0  00
1.94827  00  16
1.94854  00  16
1.94881  a0  50
1.94910  00  00
1.94937  e4  c8
1.94968  00  9c
1.94995  b2  6a
1.95025  00  5a
1.95054  00  02
1.95081  00  46

1.99649  90  00
1.99678  00  00
1.99705  00  90
1.99732  0a  00
1.99759  00  aa
1.99785  b0  00
1.99815  00  16
1.99842  00  16
1.99869  a0  50
1.99898  00  00
1.99925  e4  c8
1.99956  00  9c
1.99983  b2  6a
2.00013  00  5a
2.00041  00  02
2.00068  00  46

2.04636  90  00
2.04664  00  00
2.04692  00  90
2.04719  0a  00
2.04747  00  aa
2.04773  b0  00
2.04802  00  16
2.04829  00  16
2.04856  a0  50
2.04885  00  00
2.04912  e4  c8
2.04943  00  9c
2.04970  b2  6a
2.05000  00  5a
2.05028  00  02
2.05055  00  46

2.09624  90  00
2.09652  00  00
2.09680  00  90
2.09707  0a  00
2.09734  00  aa
2.09760  b0  00
2.09790  00  16
2.09817  00  16
2.09844  a0  50
2.09873  00  00
2.09900  e4  c8
2.09931  00  9c
2.09958  b2  6a
2.09988  00  5a
2.10016  00  02
2.10043  00  46

2.14611  90  00
2.14640  00  00
2.14667  00  90
2.14695  0a  00
2.14722  00  aa
2.14748  b0  00
2.14778  00  16
2.14804  00  16
2.14831  a0  50
2.14860  00  00
2.14887  e4  c8
2.14918  00  9c
2.14945  b2  6a
2.14974  00  5a
2.15003  00  02
2.15030  00  46

2.19598  90  00
2.19627  00  00
2.19655  00  90
2.19682  0a  00
2.19709  00  aa
2.19736  b0  00
2.19765  00  16
2.19792  00  16
2.19819  a0  50
2.19848  00  00
2.19875  e4  c8
2.19906  00  9c
2.19933  b2  6a
2.19963  00  5a
2.19990  00  02
2.20017  00  46

2.24586  90  00
2.24614  00  00
2.24641  00  90
2.24669  0a  00
2.24696  00  aa
2.24722  b0  00
2.24751  00  16
2.24778  00  16
2.24805  a0  50
2.24834  00  00
2.24861  e4  c8
2.24892  00  9c
2.24919  b2  6a
2.24949  00  5a
2.24978  00  02
2.25005  00  46

2.29573  90  00
2.29601  00  00
2.29629  00  90
2.29656  0a  00
2.29683  00  aa
2.29710  b0  00
2.29739  00  16
2.29766  00  16
2.29793  a0  50
2.29822  00  00
2.29849  e4  c8
2.29880  00  9c
2.29907  b2  6a
2.29937  00  5a
2.29966  00  02
2.29993  00  46

2.34560  90  00
2.34589  00  00
2.34616  00  90
2.34644  0a  00
2.34670  00  aa
2.34697  b0  00
2.34726  00  16
2.34753  00  16
2.34780  a0  50
2.34809  00  00
2.34836  e4  c8
2.34867  00  9c
2.34894  b2  6a
2.34923  00  5a
2.34950  00  02
2.34977  00  46

2.39548  90  00
2.39576  00  00
2.39604  00  90
2.39631  0a  00
2.39658  00  aa
2.39684  b0  00
2.39713  00  16
2.39740  00  16
2.39767  a0  50
2.39796  00  00
2.39823  e4  c8
2.39854  00  9c
2.39881  b2  6a
2.39911  00  5a
2.39937  00  02
2.39964  00  46

2.44535  90  00
2.44563  00  00
2.44591  00  90
2.44618  0a  00
2.44645  00  aa
2.44671  b0  00
2.44700  00  16
2.44728  00  16
2.44755  a0  50
2.44784  00  00
2.44811  e4  c8
2.44842  00  9c
2.44869  b2  6a
2.44899  00  5a
2.44927  00  02
2.44954  00  46

2.49523  90  00
2.49551  00  00
2.49579  00  90
2.49606  0a  00
2.49634  00  aa
2.49660  b0  00
2.49689  00  16
2.49716  00  16
2.49743  a0  50
2.49771  00  00
2.49798  e4  c8
2.49830  00  9c
2.49857  b2  6a
2.49887  00  5a
2.49915  00  02
2.49942  00  46

2.54510  90  00
2.54539  00  00
2.54566  00  90
2.54594  0a  00
2.54621  00  aa
2.54647  b0  00
2.54677  00  16
2.54703  00  16
2.54730  a0  50
2.54759  00  00
2.54786  e4  c8
2.54817  00  9c
2.54844  b2  6a
2.54874  00  5a
2.54902  00  02
2.54929  00  46

2.59497  90  00
2.59526  00  00
2.59554  00  90
2.59581  0a  00
2.59608  00  aa
2.59634  b0  00
2.59663  00  16
2.59690  00  16
2.59718  a0  50
2.59746  00  00
2.59773  e4  c8
2.59804  00  9c
2.59831  b2  6a
2.59861  00  5a
2.59890  00  02
2.59917  00  46

2.64485  90  00
2.64513  00  00
2.64540  00  90
2.64568  0a  00
2.64595  00  aa
2.64621  b0  00
2.64650  00  16
2.64677  00  16
2.64704  a0  50
2.64733  00  00
2.64760  e4  c8
2.64791  00  9c
2.64818  b2  6a
2.64848  00  5a
2.64877  00  02
2.64904  00  46

2.69472  90  00
2.69500  00  00
2.69528  00  90
2.69555  0a  00
2.69582  00  aa
2.69608  b0  00
2.69638  00  16
2.69665  00  16
2.69692  a0  50
2.69721  00  00
2.69748  e4  c8
2.69779  00  9c
2.69806  b2  6a
2.69836  00  5a
2.69864  00  02
2.69891  00  46

2.74460  90  00
2.74488  00  00
2.74516  00  90
2.74543  0a  00
2.74571  00  aa
2.74597  b0  00
2.74626  00  16
2.74653  00  16
2.74680  a0  50
2.74709  00  00
2.74736  e4  c8
2.74767  00  9c
2.74794  b2  6a
2.74824  00  5a
2.74851  00  02
2.74878  00  46

2.79447  90  00
2.79476  00  00
2.79503  00  90
2.79531  0a  00
2.79557  00  aa
2.79584  b0  00
2.79613  00  16
2.79640  00  16
2.79667  a0  50
2.79696  00  00
2.79723  e4  c8
2.79754  00  9c
2.79781  b2  6a
2.79811  00  5a
2.79840  00  02
2.79867  00  46

2.84434  90  00
2.84462  00  00
2.84490  00  90
2.84517  0a  00
2.84544  00  aa
2.84570  b0  00
2.84600  00  16
2.84627  00  16
2.84654  a0  50
2.84683  00  00
2.84710  e4  c8
2.84741  00  9c
2.84768  b2  6a
2.84798  00  5a
2.84826  00  02
2.84853  00  46

2.89422  90  00
2.89450  00  00
2.89478  00  90
2.89505  0a  00
2.89532  00  aa
2.89558  b0  00
2.89588  00  16
2.89615  00  16
2.89642  a0  50
2.89671  00  00
2.89698  e4  c8
2.89729  00  9c
2.89756  b2  6a
2.89786  00  5a
2.89814  00  02
2.89841  00  46

2.94409  90  00
2.94438  00  00
2.94465  00  90
2.94493  0a  00
2.94519  00  aa
2.94546  b0  00
2.94575  00  16
2.94602  00  16
2.94629  a0  50
2.94658  00  00
2.94685  e4  c8
2.94716  00  9c
2.94743  b2  6a
2.94773  00  5a
2.94801  00  02
2.94828  00  46

2.99397  90  00
2.99425  00  00
2.99453  00  90
2.99480  0a  00
2.99507  00  aa
2.99533  b0  00
2.99563  00  16
2.99590  00  16
2.99617  a0  50
2.99645  00  00
2.99672  e4  c8
2.99704  00  9c
2.99731  b2  6a
2.99760  00  5a
2.99788  00  02
2.99815  00  46

3.04384  90  00
3.04413  00  00
3.04440  00  90
3.04468  0a  00
3.04495  00  aa
3.04521  b0  00
3.04551  00  16
3.04577  00  16
3.04604  a0  50
3.04633  00  00
3.04660  e4  c8
3.04691  00  9c
3.04718  b2  6a
3.04747  00  5a
3.04776  00  02
3.04803  00  46

3.09371  90  00
3.09399  00  00
3.09427  00  90
3.09454  0a  00
3.09481  00  aa
3.09507  b0  00
3.09537  00  16
3.09564  00  16
3.09591  a0  50
3.09620  00  00
3.09647  e4  c8
3.09678  00  9c
3.09705  b2  6a
3.09735  00  5a
3.09763  00  02
3.09790  00  46

3.14359  90  00
3.14387  00  00
3.14415  00  90
3.14442  0a  00
3.14470  00  aa
3.14496  b0  00
3.14525  00  16
3.14552  00  16
3.14579  a0  50
3.14608  00  00
3.14635  e4  c8
3.14666  00  9c
3.14693  b2  6a
3.14722  00  5a
3.14751  00  02
3.14778  00  46

3.19449  90  00
3.19478  00  00
3.19505  00  90
3.19532  0a  00
3.19559  00  aa
3.19585  b0  00
3.19615  00  16
3.19641  00  16
3.19668  a0  50
3.19697  00  00
3.19724  e4  c8
3.19755  00  9c
3.19782  b2  6a
3.19812  00  5a
3.19839  00  02
3.19866  00  46

3.24433  90  00
3.24462  00  00
3.24490  00  90
3.24517  0a  00
3.24544  00  aa
3.24571  b0  00
3.24600  00  16
3.24627  00  16
3.24654  a0  50
3.24683  00  00
3.24710  e4  c8
3.24741  00  9c
3.24768  b2  6a
3.24798  00  5a
3.24825  00  02
3.24852  00  46

3.29421  90  00
3.29449  00  00
3.29477  00  90
3.29504  0a  00
3.29531  00  aa
3.29557  b0  00
3.29587  00  16
3.29614  00  16
3.29641  a0  50
3.29669  00  00
3.29696  e4  c8
3.29727  00  9c
3.29753  b2  6a
3.29784  00  5a
3.29811  00  02
3.29838  00  46

3.34408  90  00
3.34436  00  00
3.34464  00  90
3.34491  0a  00
3.34518  00  aa
3.34545  b0  00
3.34574  00  16
3.34601  00  16
3.34628  a0  50
3.34657  00  00
3.34684  e4  c8
3.34715  00  9c
3.34742  b2  6a
3.34772  00  5a
3.34800  00  02
3.34827  00  46

3.39395  90  00
3.39423  00  00
3.39451  00  90
3.39478  0a  00
3.39506  00  aa
3.39532  b0  00
3.39561  00  16
3.39588  00  16
3.39615  a0  50
3.39644  00  00
3.39671  e4  c8
3.39702  00  9c
3.39729  b2  6a
3.39758  00  5a
3.39785  00  02
3.39812  00  46

3.44383  90  00
3.44411  00  00
3.44438  00  90
3.44466  0a  00
3.44493  00  aa
3.44519  b0  00
3.44548  00  16
3.44575  00  16
3.44602  a0  50
3.44631  00  00
3.44658  e4  c8
3.44689  00  9c
3.44716  b2  6a
3.44746  00  5a
3.44772  00  02
3.44799  00  46

3.49370  90  00
3.49398  00  00
3.49426  00  90
3.49453  0a  00
3.49480  00  aa
3.49506  b0  00
3.49536  00  16
3.49563  00  16
3.49590  a0  50
3.49619  00  00
3.49646  e4  c8
3.49677  00  9c
3.49704  b2  6a
3.49733  00  5a
3.49760  00  02
3.49787  00  46

3.54358  90  00
3.54386  00  00
3.54414  00  90
3.54441  0a  00
3.54468  00  aa
3.54494  b0  00
3.54524  00  16
3.54551  00  16
3.54578  a0  50
3.54607  00  00
3.54634  e4  c8
3.54665  00  9c
3.54692  b2  6a
3.54722  00  5a
3.54750  00  02
3.54777  00  46

3.59345  90  00
3.59374  00  00
3.59401  00  90
3.59429  0a  00
3.59456  00  aa
3.59482  b0  00
3.59512  00  16
3.59539  00  16
3.59566  a0  50
3.59595  00  00
3.59622  e4  c8
3.59653  00  9c
3.59680  b2  6a
3.59710  00  5a
3.59737  00  02
3.59764  00  46

3.64332  90  00
3.64361  00  00
3.64389  00  90
3.64416  0a  00
3.64443  00  aa
3.64469  b0  00
3.64498  00  16
3.64525  00  16
3.64552  a0  50
3.64581  00  00
3.64608  e4  c8
3.64639  00  9c
3.64666  b2  6a
3.64696  00  5a
3.64725  00  02
3.64752  00  46

3.69320  90  00
3.69348  00  00
3.69376  00  90
3.69403  0a  00
3.69430  00  aa
3.69456  b0  00
3.69486  00  16
3.69513  00  16
3.69540  a0  50
3.69569  00  00
3.69596  e4  c8
3.69627  00  9c
3.69654  b2  6a
3.69683  00  5a
3.69712  00  02
3.69739  00  46

3.74307  90  00
3.74335  00  00
3.74363  00  90
3.74390  0a  00
3.74417  00  aa
3.74443  b0  00
3.74473  00  16
3.74500  00  16
3.74527  a0  50
3.74556  00  00
3.74582  e4  c8
3.74614  00  9c
3.74641  b2  6a
3.74671  00  5a
3.74700  00  02
3.74727  00  46

3.79295  90  00
3.79323  00  00
3.79351  00  90
3.79378  0a  00
3.79405  00  aa
3.79431  b0  00
3.79461  00  16
3.79488  00  16
3.79515  a0  50
3.79543  00  00
3.79571  e4  c8
3.79602  00  9c
3.79629  b2  6a
3.79658  00  5a
3.79686  00  02
3.79713  00  46

3.84282  90  00
3.84311  00  00
3.84338  00  90
3.84366  0a  00
3.84392  00  aa
3.84419  b0  00
3.84448  00  16
3.84475  00  16
3.84502  a0  50
3.84531  00  00
3.84558  e4  c8
3.84589  00  9c
3.84616  b2  6a
3.84646  00  5a
3.84674  00  02
3.84701  00  46

3.89269  90  00
3.89297  00  00
3.89325  00  90
3.89352  0a  00
3.89379  00  aa
3.89406  b0  00
3.89435  00  16
3.89462  00  16
3.89489  a0  50
3.89518  00  00
3.89545  e4  c8
3.89576  00  9c
3.89603  b2  6a
3.89633  00  5a
3.89661  00  02
3.89688  00  46

3.94257  90  00
3.94285  00  00
3.94313  00  90
3.94340  0a  00
3.94368  00  aa
3.94394  b0  00
3.94423  00  16
3.94450  00  16
3.94477  a0  50
3.94506  00  00
3.94533  e4  c8
3.94564  00  9c
3.94591  b2  6a
3.94621  00  5a
3.94649  00  02
3.94676  00  46

3.99244  90  00
3.99273  00  00
3.99300  00  90
3.99328  0a  00
3.99354  00  aa
3.99381  b0  00
3.99410  00  16
3.99437  00  16
3.99464  a0  50
3.99493  00  00
3.99520  e4  c8
3.99551  00  9c
3.99578  b2  6a
3.99608  00  5a
3.99637  00  02
3.99664  00  46

4.04231  90  00
4.04260  00  00
4.04288  00  90
4.04315  0a  00
4.04342  00  aa
4.04368  b0  00
4.04398  00  16
4.04424  00  16
4.04452  a0  50
4.04480  00  00
4.04507  e4  c8
4.04539  00  9c
4.04565  b2  6a
4.04595  00  5a
4.04623  00  02
4.04650  00  46

4.09219  90  00
4.09247  00  00
4.09275  00  90
4.09302  0a  00
4.09329  00  aa
4.09356  b0  00
4.09385  00  16
4.09412  00  16
4.09439  a0  50
4.09468  00  00
4.09495  e4  c8
4.09526  00  9c
4.09553  b2  6a
4.09583  00  5a
4.09611  00  02
4.09638  00  46

4.14206  90  00
4.14235  00  00
4.14263  00  90
4.14290  0a  00
4.14317  00  aa
4.14344  b0  00
4.14373  00  16
4.14400  00  16
4.14427  a0  50
4.14455  00  00
4.14482  e4  c8
4.14513  00  9c
4.14540  b2  6a
4.14571  00  5a
4.14599  00  02
4.14626  00  46

4.19194  90  00
4.19222  00  00
4.19250  00  90
4.19277  0a  00
4.19304  00  aa
4.19330  b0  00
4.19360  00  16
4.19387  00  16
4.19414  a0  50
4.19443  00  00
4.19470  e4  c8
4.19501  00  9c
4.19528  b2  6a
4.19557  00  5a
4.19586  00  02
4.19612  00  46

4.24181  90  00
4.24209  00  00
4.24237  00  90
4.24264  0a  00
4.24291  00  aa
4.24318  b0  00
4.24347  00  16
4.24374  00  16
4.24400  a0  50
4.24429  00  00
4.24456  e4  c8
4.24488  00  9c
4.24514  b2  6a
4.24545  00  5a
4.24573  00  02
4.24600  00  46

4.29168  90  00
4.29197  00  00
4.29225  00  90
4.29252  0a  00
4.29279  00  aa
4.29305  b0  00
4.29334  00  16
4.29361  00  16
4.29389  a0  50
4.29417  00  00
4.29444  e4  c8
4.29475  00  9c
4.29502  b2  6a
4.29533  00  5a
4.29561  00  02
4.29588  00  46

4.34156  90  00
4.34185  00  00
4.34212  00  90
4.34239  0a  00
4.34267  00  aa
4.34293  b0  00
4.34322  00  16
4.34349  00  16
4.34376  a0  50
4.34405  00  00
4.34432  e4  c8
4.34463  00  9c
4.34490  b2  6a
4.34519  00  5a
4.34548  00  02
4.34575  00  46

4.39143  90  00
4.39172  00  00
4.39200  00  90
4.39227  0a  00
4.39253  00  aa
4.39280  b0  00
4.39309  00  16
4.39336  00  16
4.39363  a0  50
4.39392  00  00
4.39419  e4  c8
4.39450  00  9c
4.39477  b2  6a
4.39507  00  5a
4.39535  00  02
4.39562  00  46

4.44131  90  00
4.44159  00  00
4.44186  00  90
4.44214  0a  00
4.44240  00  aa
4.44267  b0  00
4.44296  00  16
4.44323  00  16
4.44350  a0  50
4.44379  00  00
4.44406  e4  c8
4.44437  00  9c
4.44464  b2  6a
4.44494  00  5a
4.44522  00  02
4.44549  00  46

4.49118  90  00
4.49147  00  00
4.49174  00  90
4.49202  0a  00
4.49229  00  aa
4.49255  b0  00
4.49285  00  16
4.49312  00  16
4.49339  a0  50
4.49367  00  00
4.49394  e4  c8
4.49425  00  9c
4.49452  b2  6a
4.49482  00  5a
4.49510  00  02
4.49537  00  46

4.54105  90  00
4.54134  00  00
4.54162  00  90
4.54189  0a  00
4.54216  00  aa
4.54242  b0  00
4.54271  00  16
4.54298  00  16
4.54325  a0  50
4.54354  00  00
4.54381  e4  c8
4.54412  00  9c
4.54439  b2  6a
4.54469  00  5a
4.54497  00  02
4.54524  00  46

4.59093  90  00
4.59121  00  00
4.59148  00  90
4.59176  0a  00
4.59203  00  aa
4.59229  b0  00
4.59258  00  16
4.59285  00  16
4.59312  a0  50
4.59341  00  00
4.59368  e4  c8
4.59399  00  9c
4.59426  b2  6a
4.59456  00  5a
4.59482  00  02
4.59509  00  46

4.64080  90  00
4.64109  00  00
4.64137  00  90
4.64164  0a  00
4.64191  00  aa
4.64218  b0  00
4.64247  00  16
4.64273  00  16
4.64300  a0  50
4.64329  00  00
4.64356  e4  c8
4.64387  00  9c
4.64414  b2  6a
4.64444  00  5a
4.64472  00  02
4.64499  00  46

4.69068  90  00
4.69096  00  00
4.69124  00  90
4.69151  0a  00
4.69178  00  aa
4.69205  b0  00
4.69234  00  16
4.69261  00  16
4.69287  a0  50
4.69316  00  00
4.69343  e4  c8
4.69374  00  9c
4.69402  b2  6a
4.69431  00  5a
4.69460  00  02
4.69487  00  46

4.74055  90  00
4.74084  00  00
4.74111  00  90
4.74139  0a  00
4.74166  00  aa
4.74192  b0  00
4.74222  00  16
4.74248  00  16
4.74275  a0  50
4.74304  00  00
4.74331  e4  c8
4.74362  00  9c
4.74389  b2  6a
4.74419  00  5a
4.74447  00  02
4.74474  00  46

4.79042  90  00
4.79070  00  00
4.79098  00  90
4.79125  0a  00
4.79153  00  aa
4.79179  b0  00
4.79208  00  16
4.79235  00  16
4.79262  a0  50
4.79291  00  00
4.79318  e4  c8
4.79349  00  9c
4.79376  b2  6a
4.79407  00  5a
4.79435  00  02
4.79462  00  46

4.84030  90  00
4.84058  00  00
4.84085  00  90
4.84113  0a  00
4.84140  00  aa
4.84166  b0  00
4.84196  00  16
4.84223  00  16
4.84250  a0  50
4.84279  00  00
4.84306  e4  c8
4.84337  00  9c
4.84364  b2  6a
4.84394  00  5a
4.84422  00  02
4.84449  00  46

4.89017  90  00
4.89046  00  00
4.89073  00  90
4.89101  0a  00
4.89127  00  aa
4.89154  b0  00
4.89183  00  16
4.89210  00  16
4.89237  a0  50
4.89266  00  00
4.89293  e4  c8
4.89324  00  9c
4.89351  b2  6a
4.89381  00  5a
4.89409  00  02
4.89436  00  46

4.94005  90  00
4.94033  00  00
4.94061  00  90
4.94088  0a  00
4.94115  00  aa
4.94141  b0  00
4.94171  00  16
4.94198  00  16
4.94225  a0  50
4.94254  00  00
4.94281  e4  c8
4.94312  00  9c
4.94339  b2  6a
4.94369  00  5a
4.94397  00  02
4.94424  00  46

4.98992  90  00
4.99021  00  00
4.99048  00  90
4.99076  0a  00
4.99103  00  aa
4.99129  b0  00
4.99159  00  16
4.99185  00  16
4.99212  a0  50
4.99241  00  00
4.99268  e4  c8
4.99299  00  9c
4.99326  b2  6a
4.99356  00  5a
4.99384  00  02
4.99411  00  46

5.03979  90  00
5.04008  00  00
5.04036  00  90
5.04063  0a  00
5.04090  00  aa
5.04117  b0  00
5.04146  00  16
5.04173  00  16
5.04199  a0  50
5.04228  00  00
5.04255  e4  c8
5.04286  00  9c
5.04313  b2  6a
5.04343  00  5a
5.04371  00  02
5.04398  00  46

5.08967  90  00
5.08995  00  00
5.09023  00  90
5.09050  0a  00
5.09078  00  aa
5.09104  b0  00
5.09133  00  16
5.09160  00  16
5.09188  a0  50
5.09216  00  00
5.09243  e4  c8
5.09275  00  9c
5.09301  b2  6a
5.09332  00  5a
5.09359  00  02
5.09386  00  46

5.13954  90  00
5.13982  00  00
5.14010  00  90
5.14037  0a  00
5.14065  00  aa
5.14091  b0  00
5.14120  00  16
5.14147  00  16
5.14174  a0  50
5.14203  00  00
5.14230  e4  c8
5.14261  00  9c
5.14288  b2  6a
5.14318  00  5a
5.14346  00  02
5.14373  00  46

5.18942  90  00
5.18970  00  00
5.18997  00  90
5.19025  0a  00
5.19051  00  aa
5.19078  b0  00
5.19107  00  16
5.19134  00  16
5.19161  a0  50
5.19190  00  00
5.19217  e4  c8
5.19248  00  9c
5.19275  b2  6a
5.19305  00  5a
5.19331  00  02
5.19358  00  46

5.23929  90  00
5.23958  00  00
5.23985  00  90
5.24013  0a  00
5.24039  00  aa
5.24066  b0  00
5.24095  00  16
5.24122  00  16
5.24148  a0  50
5.24177  00  00
5.24204  e4  c8
5.24235  00  9c
5.24262  b2  6a
5.24292  00  5a
5.24318  00  02
5.24345  00  46

5.28916  90  00
5.28945  00  00
5.28973  00  90
5.29000  0a  00
5.29027  00  aa
5.29053  b0  00
5.29082  00  16
5.29109  00  16
5.29136  a0  50
5.29165  00  00
5.29192  e4  c8
5.29223  00  9c
5.29250  b2  6a
5.29280  00  5a
5.29309  00  02
5.29336  00  46

5.33904  90  00
5.33932  00  00
5.33960  00  90
5.33987  0a  00
5.34015  00  aa
5.34041  b0  00
5.34070  00  16
5.34097  00  16
5.34124  a0  50
5.34152  00  00
5.34179  e4  c8
5.34210  00  9c
5.34237  b2  6a
5.34267  00  5a
5.34296  00  02
5.34323  00  46

5.38891  90  00
5.38919  00  00
5.38947  00  90
5.38974  0a  00
5.39001  00  aa
5.39027  b0  00
5.39057  00  16
5.39084  00  16
5.39111  a0  50
5.39140  00  00
5.39166  e4  c8
5.39198  00  9c
5.39225  b2  6a
5.39254  00  5a
5.39281  00  02
5.39308  00  46

5.43879  90  00
5.43907  00  00
5.43935  00  90
5.43962  0a  00
5.43989  00  aa
5.44015  b0  00
5.44045  00  16
5.44072  00  16
5.44099  a0  50
5.44127  00  00
5.44155  e4  c8
5.44186  00  9c
5.44213  b2  6a
5.44243  00  5a
5.44271  00  02
5.44298  00  46

5.48866  90  00
5.48894  00  00
5.48922  00  90
5.48949  0a  00
5.48976  00  aa
5.49003  b0  00
5.49032  00  16
5.49059  00  16
5.49086  a0  50
5.49115  00  00
5.49142  e4  c8
5.49173  00  9c
5.49200  b2  6a
5.49230  00  5a
5.49259  00  02
5.49285  00  46

5.53853  90  00
5.53882  00  00
5.53910  00  90
5.53937  0a  00
5.53964  00  aa
5.53991  b0  00
5.54019  00  16
5.54046  00  16
5.54073  a0  50
5.54102  00  00
5.54129  e4  c8
5.54160  00  9c
5.54187  b2  6a
5.54217  00  5a
5.54246  00  02
5.54273  00  46

5.58841  90  00
5.58869  00  00
5.58897  00  90
5.58924  0a  00
5.58951  00  aa
5.58977  b0  00
5.59007  00  16
5.59034  00  16
5.59061  a0  50
5.59090  00  00
5.59117  e4  c8
5.59148  00  9c
5.59175  b2  6a
5.59204  00  5a
5.59233  00  02
5.59260  00  46

5.63828  90  00
5.63857  00  00
5.63884  00  90
5.63912  0a  00
5.63938  00  aa
5.63965  b0  00
5.63994  00  16
5.64021  00  16
5.64048  a0  50
5.64076  00  00
5.64103  e4  c8
5.64135  00  9c
5.64162  b2  6a
5.64192  00  5a
5.64221  00  02
5.64248  00  46

5.68816  90  00
5.68844  00  00
5.68872  00  90
5.68899  0a  00
5.68926  00  aa
5.68953  b0  00
5.68982  00  16
5.69009  00  16
5.69036  a0  50
5.69065  00  00
5.69092  e4  c8
5.69123  00  9c
5.69150  b2  6a
5.69179  00  5a
5.69208  00  02
5.69235  00  46

5.73803  90  00
5.73832  00  00
5.73859  00  90
5.73887  0a  00
5.73914  00  aa
5.73940  b0  00
5.73969  00  16
5.73996  00  16
5.74023  a0  50
5.74052  00  00
5.74079  e4  c8
5.74110  00  9c
5.74137  b2  6a
5.74167  00  5a
5.74195  00  02
5.74222  00  46

5.78790  90  00
5.78818  00  00
5.78846  00  90
5.78873  0a  00
5.78900  00  aa
5.78927  b0  00
5.78956  00  16
5.78983  00  16
5.79010  a0  50
5.79039  00  00
5.79066  e4  c8
5.79097  00  9c
5.79124  b2  6a
5.79154  00  5a
5.79182  00  02
5.79209  00  46

5.83778  90  00
5.83806  00  00
5.83834  00  90
5.83861  0a  00
5.83888  00  aa
5.83914  b0  00
5.83944  00  16
5.83971  00  16
5.83998  a0  50
5.84027  00  00
5.84054  e4  c8
5.84085  00  9c
5.84112  b2  6a
5.84142  00  5a
5.84170  00  02
5.84197  00  46

5.88765  90  00
5.88794  00  00
5.88821  00  90
5.88849  0a  00
5.88876  00  aa
5.88902  b0  00
5.88932  00  16
5.88959  00  16
5.88986  a0  50
5.89015  00  00
5.89042  e4  c8
5.89073  00  9c
5.89100  b2  6a
5.89130  00  5a
5.89157  00  02
5.89184  00  46

5.93753  90  00
5.93781  00  00
5.93808  00  90
5.93836  0a  00
5.93862  00  aa
5.93889  b0  00
5.93918  00  16
5.93945  00  16
5.93972  a0  50
5.94000  00  00
5.94027  e4  c8
5.94058  00  9c
5.94085  b2  6a
5.94116  00  5a
5.94142  00  02
5.94169  00  46

5.98740  90  00
5.98768  00  00
5.98796  00  90
5.98823  0a  00
5.98850  00  aa
5.98876  b0  00
5.98905  00  16
5.98932  00  16
5.98959  a0  50
5.98988  00  00
5.99015  e4  c8
5.99046  00  9c
5.99073  b2  6a
5.99104  00  5a
5.99132  00  02
5.99159  00  46

6.03727  90  00
6.03756  00  00
6.03784  00  90
6.03811  0a  00
6.03838  00  aa
6.03865  b0  00
6.03894  00  16
6.03921  00  16
6.03948  a0  50
6.03977  00  00
6.04004  e4  c8
6.04035  00  9c
6.04062  b2  6a
6.04092  00  5a
6.04120  00  02
6.04147  00  46

6.08715  90  00
6.08743  00  00
6.08771  00  90
6.08798  0a  00
6.08826  00  aa
6.08852  b0  00
6.08881  00  16
6.08908  00  16
6.08935  a0  50
6.08963  00  00
6.08990  e4  c8
6.09021  00  9c
6.09047  b2  6a
6.09077  00  5a
6.09104  00  02
6.09131  00  46

6.13702  90  00
6.13731  00  00
6.13758  00  90
6.13786  0a  00
6.13812  00  aa
6.13839  b0  00
6.13868  00  16
6.13895  00  16
6.13922  a0  50
6.13951  00  00
6.13978  e4  c8
6.14009  00  9c
6.14036  b2  6a
6.14066  00  5a
6.14094  00  02
6.14122  00  46

6.18690  90  00
6.18718  00  00
6.18746  00  90
6.18773  0a  00
6.18800  00  aa
6.18827  b0  00
6.18856  00  16
6.18883  00  16
6.18910  a0  50
6.18938  00  00
6.18965  e4  c8
6.18997  00  9c
6.19024  b2  6a
6.19053  00  5a
6.19082  00  02
6.19109  00  46

6.23677  90  00
6.23706  00  00
6.23733  00  90
6.23761  0a  00
6.23788  00  aa
6.23814  b0  00
6.23844  00  16
6.23871  00  16
6.23898  a0  50
6.23927  00  00
6.23954  e4  c8
6.23985  00  9c
6.24012  b2  6a
6.24042  00  5a
6.24069  00  02
