# time   MOSI  MISO
0.00015  00  08
0.00093  0a  00
0.00120  00  aa
0.00147  0a  00
0.00174  00  aa
0.00200  80  00
0.00229  0a  81
0.00257  99  87
0.00284  01  00
0.00311  00  c8
0.00338  00  00
0.00365  00  c8
0.00393  00  00
0.00420  00  00
0.00447  b0  00
0.00476  00  16
0.00502  00  16
0.00529  a0  50
0.00558  00  00
0.00585  e4  c8
0.00616  00  9c
0.00643  00  6a
0.00682  50  00
0.00710  2f  50
0.00738  90  50
0.00766  00  00
0.00794  00  90
0.00822  0c  00

0.01817  90  0c
0.01846  00  00
0.01874  00  90
0.01901  0a  00
0.01928  00  aa
0.01955  b0  00
0.01984  00  16
0.02010  00  16
0.02037  a0  50
0.02066  00  00
0.02093  e4  c8
0.02124  00  9c
0.02151  b2  6a
0.02181  00  5a
0.02207  00  02
0.02234  00  46

0.06618  f0  00
0.06647  b0  11
0.06676  00  16
0.06704  00  16
0.06731  00  50
0.06761  c0  00
0.06790  00  00
0.06817  00  00

0.10464  e0  00
0.10495  00  c2
0.10522  ea  51
0.10555  00  9c
0.10582  00  46
0.10609  00  00
0.10636  00  00
0.10663  00  00
0.10690  e8  00
0.10723  00  22
0.10750  00  16
0.10777  00  00
0.10804  00  00
0.10831  00  00
0.10858  00  00
0.10889  f8  00
0.10918  fc  b3
0.10948  fa  be
0.10977  fe  ba
0.11007  00  c5
0.11048  90  00
0.11077  00  00
0.11105  00  90
0.11132  b0  00
0.11161  7f  16
0.11188  ff  16
0.11215  0a  50
0.11242  00  aa
0.11268  b0  00
0.11297  00  16
0.11324  00  16
0.11351  a0  50
0.11380  00  00
0.11407  e4  c8
0.11438  00  9c
0.11464  b2  6a
0.11494  00  5a
0.11520  00  02
0.11547  00  46

0.11714  f0  00
0.11743  b0  11
0.11772  00  16
0.11798  00  16
0.11825  00  50
0.11855  c0  00
0.11884  00  00
0.11910  00  00

0.15718  e0  00
0.15749  00  c2
0.15776  ea  51
0.15808  00  9c
0.15835  00  46
0.15862  00  00
0.15889  00  00
0.15916  00  00
0.15944  e8  00
0.15976  00  22
0.16003  00  16
0.16030  00  00
0.16057  00  00
0.16084  00  00
0.16112  00  00
0.16143  f8  00
0.16172  fc  b3
0.16202  fa  be
0.16231  fe  ba
0.16261  00  c5
0.16305  90  00
0.16333  00  00
0.16361  00  90
0.16389  b0  00
0.16418  7f  16
0.16445  ff  16
0.16472  0a  50
0.16499  00  aa
0.16525  b0  00
0.16555  00  16
0.16581  00  16
0.16608  a0  50
0.16637  00  00
0.16664  e4  c8
0.16695  00  9c
0.16722  b2  6a
0.16752  00  5a
0.16781  00  02
0.16807  00  46

0.16967  f0  00
0.16996  b0  11
0.17025  00  16
0.17051  00  16
0.17080  00  50
0.17110  c0  00
0.17139  00  00
0.17165  00  00

0.20773  e0  00
0.20804  00  c2
0.20831  ea  51
0.20864  00  9c
0.20891  00  46
0.20918  00  00
0.20945  00  00
0.20972  00  00
0.20999  e8  00
0.21032  00  22
0.21060  00  16
0.21087  00  00
0.21114  00  00
0.21141  00  00
0.21170  00  00
0.21201  f8  00
0.21230  fc  b3
0.21260  fa  be
0.21290  fe  ba
0.21320  00  c5
0.21361  90  00
0.21390  00  00
0.21417  00  90
0.21444  b0  00
0.21473  7f  16
0.21500  ff  16
0.21527  0a  50
0.21554  00  aa
0.21581  b0  00
0.21610  00  16
0.21637  00  16
0.21664  a0  50
0.21692  00  00
0.21719  e4  c8
0.21751  00  9c
0.21777  b2  6a
0.21807  00  5a
0.21833  00  02
0.21860  00  46

0.22024  f0  00
0.22052  b0  11
0.22081  00  16
0.22108  00  16
0.22135  00  50
0.22165  c0  00
0.22194  00  00
0.22220  00  00

0.25670  e0  00
0.25702  00  c2
0.25729  ea  51
0.25761  00  9c
0.25788  00  46
0.25815  00  00
0.25842  00  00
0.25869  00  00
0.25897  e8  00
0.25929  00  22
0.25956  00  16
0.25983  00  00
0.26010  00  00
0.26037  00  00
0.26064  00  00
0.26095  f8  00
0.26124  fc  b3
0.26153  fa  be
0.26183  fe  ba
0.26213  00  c5
0.26254  90  00
0.26283  00  00
0.26311  00  90
0.26337  b0  00
0.26366  7f  16
0.26393  ff  16
0.26420  0a  50
0.26448  00  aa
0.26474  b0  00
0.26504  00  16
0.26531  00  16
0.26558  a0  50
0.26587  00  00
0.26614  e4  c8
0.26647  00  9c
0.26674  b2  6a
0.26704  00  5a
0.26731  00  02
0.26758  00  46

0.27036  f0  00
0.27064  b0  11
0.27093  00  16
0.27119  00  16
0.27146  00  50
0.27176  c0  00
0.27205  00  00
0.27232  00  00

0.30686  e0  00
0.30717  00  c2
0.30744  ea  51
0.30776  00  9c
0.30803  00  46
0.30830  00  00
0.30857  00  00
0.30885  00  00
0.30912  e8  00
0.30944  00  22
0.30971  00  16
0.30998  00  00
0.31025  00  00
0.31053  00  00
0.31080  00  00
0.31111  f8  00
0.31140  fc  b3
0.31169  fa  be
0.31199  fe  ba
0.31229  00  c5
0.31272  90  00
0.31301  00  00
0.31329  00  90
0.31357  b0  00
0.31387  7f  16
0.31413  ff  16
0.31440  0a  50
0.31467  00  aa
0.31493  b0  00
0.31523  00  16
0.31549  00  16
0.31576  a0  50
0.31604  00  00
0.31631  e4  c8
0.31663  00  9c
0.31689  b2  6a
0.31720  00  5a
0.31747  00  02
0.31774  00  46

0.32124  f0  00
0.32152  b0  11
0.32181  00  16
0.32207  00  16
0.32234  00  50
0.32264  c0  00
0.32293  00  00
0.32320  00  00

0.35306  e0  00
0.35337  00  c2
0.35364  ea  51
0.35396  00  9c
0.35423  00  46
0.35450  00  00
0.35477  00  00
0.35504  00  00
0.35532  e8  00
0.35564  00  22
0.35591  00  16
0.35618  00  00
0.35645  00  00
0.35672  00  00
0.35700  00  00
0.35731  f8  00
0.35759  fc  b3
0.35789  fa  be
0.35819  fe  ba
0.35848  00  c5
0.35890  90  00
0.35918  00  00
0.35946  00  90
0.35972  b0  00
0.36002  7f  16
0.36028  ff  16
0.36055  0a  50
0.36083  00  aa
0.36109  b0  00
0.36138  00  16
0.36165  00  16
0.36192  a0  50
0.36221  00  00
0.36248  e4  c8
0.36279  00  9c
0.36306  b2  6a
0.36335  00  5a
0.36362  00  02
0.36389  00  46

0.37212  f0  00
0.37240  b0  11
0.37269  00  16
0.37296  00  16
0.37323  00  50
0.37353  c0  00
0.37382  00  00
0.37408  00  00

0.41197  e0  00
0.41228  00  c2
0.41255  ea  51
0.41288  00  9c
0.41315  00  46
0.41342  00  00
0.41369  00  00
0.41396  00  00
0.41423  e8  00
0.41455  00  22
0.41482  00  16
0.41509  00  00
0.41536  00  00
0.41563  00  00
0.41590  00  00
0.41623  f8  00
0.41652  fc  b3
0.41681  fa  be
0.41712  fe  ba
0.41742  00  c5
0.41783  90  00
0.41812  00  00
0.41839  00  90
0.41866  b0  00
0.41895  7f  16
0.41922  ff  16
0.41950  0a  50
0.41976  00  aa
0.42003  b0  00
0.42032  00  16
0.42059  00  16
0.42086  a0  50
0.42115  00  00
0.42142  e4  c8
0.42174  00  9c
0.42201  b2  6a
0.42231  00  5a
0.42258  00  02
0.42285  00  46

0.42447  f0  00
0.42475  b0  11
0.42504  00  16
0.42531  00  16
0.42558  00  50
0.42588  c0  00
0.42616  00  00
0.42643  00  00

0.46265  e0  00
0.46295  00  c2
0.46322  ea  51
0.46355  00  9c
0.46382  00  46
0.46411  00  00
0.46438  00  00
0.46465  00  00
0.46493  e8  00
0.46524  00  22
0.46552  00  16
0.46579  00  00
0.46605  00  00
0.46633  00  00
0.46660  00  00
0.46691  f8  00
0.46720  fc  b3
0.46750  fa  be
0.46779  fe  ba
0.46810  00  c5
0.46851  90  00
0.46880  00  00
0.46910  00  90
0.46936  b0  00
0.46965  7f  16
0.46992  ff  16
0.47021  0a  50
0.47048  00  aa
0.47075  b0  00
0.47103  00  16
0.47130  00  16
0.47157  a0  50
0.47186  00  00
0.47213  e4  c8
0.47244  00  9c
0.47271  b2  6a
0.47301  00  5a
0.47327  00  02
0.47354  00  46

0.47517  f0  00
0.47545  b0  11
0.47574  00  16
0.47601  00  16
0.47627  00  50
0.47658  c0  00
0.47686  00  00
0.47713  00  00

0.52163  e0  00
0.52193  00  c2
0.52220  ea  51
0.52252  00  9c
0.52279  00  46
0.52307  00  00
0.52334  00  00
0.52361  00  00
0.52388  e8  00
0.52420  00  22
0.52447  00  16
0.52474  00  00
0.52502  00  00
0.52529  00  00
0.52556  00  00
0.52587  f8  00
0.52616  fc  b3
0.52645  fa  be
0.52675  fe  ba
0.52705  00  c5
0.52746  90  00
0.52775  00  00
0.52802  00  90
0.52829  b0  00
0.52857  7f  16
0.52885  ff  16
0.52912  0a  50
0.52939  00  aa
0.52965  b0  00
0.52995  00  16
0.53022  00  16
0.53049  a0  50
0.53078  00  00
0.53105  e4  c8
0.53136  00  9c
0.53163  b2  6a
0.53195  00  5a
0.53221  00  02
0.53248  00  46

0.53410  f0  00
0.53439  b0  11
0.53468  00  16
0.53495  00  16
0.53522  00  50
0.53552  c0  00
0.53581  00  00
0.53608  00  00

0.58438  e0  00
0.58468  00  c2
0.58495  ea  51
0.58528  00  9c
0.58555  00  46
0.58582  00  00
0.58609  00  00
0.58636  00  00
0.58663  e8  00
0.58696  00  22
0.58723  00  16
0.58750  00  00
0.58777  00  00
0.58804  00  00
0.58831  00  00
0.58862  f8  00
0.58891  fc  b3
0.58921  fa  be
0.58950  fe  ba
0.58981  00  c5
0.59023  90  00
0.59051  00  00
0.59081  00  90
0.59107  b0  00
0.59137  7f  16
0.59163  ff  16
0.59193  0a  50
0.59219  00  aa
0.59246  b0  00
0.59275  00  16
0.59301  00  16
0.59329  a0  50
0.59357  00  00
0.59384  e4  c8
0.59415  00  9c
0.59442  b2  6a
0.59472  00  5a
0.59498  00  02
0.59525  00  46

0.59700  f0  00
0.59729  b0  11
0.59758  00  16
0.59784  00  16
0.59811  00  50
0.59841  c0  00
0.59870  00  00
0.59897  00  00

0.64749  e0  00
0.64780  00  c2
0.64807  ea  51
0.64839  00  9c
0.64867  00  46
0.64894  00  00
0.64921  00  00
0.64948  00  00
0.64976  e8  00
0.65008  00  22
0.65035  00  16
0.65062  00  00
0.65089  00  00
0.65116  00  00
0.65143  00  00
0.65176  f8  00
0.65205  fc  b3
0.65235  fa  be
0.65266  fe  ba
0.65296  00  c5
0.65338  90  00
0.65366  00  00
0.65394  00  90
0.65420  b0  00
0.65449  7f  16
0.65476  ff  16
0.65503  0a  50
0.65529  00  aa
0.65556  b0  00
0.65585  00  16
0.65612  00  16
0.65639  a0  50
0.65668  00  00
0.65695  e4  c8
0.65726  00  9c
0.65755  b2  6a
0.65785  00  5a
0.65812  00  02
0.65839  00  46

0.66001  f0  00
0.66030  b0  11
0.66059  00  16
0.66086  00  16
0.66113  00  50
0.66143  c0  00
0.66171  00  00
0.66198  00  00

0.71009  e0  00
0.71043  00  c2
0.71070  ea  51
0.71102  00  9c
0.71129  00  46
0.71156  00  00
0.71183  00  00
0.71210  00  00
0.71238  e8  00
0.71269  00  22
0.71296  00  16
0.71323  00  00
0.71352  00  00
0.71379  00  00
0.71407  00  00
0.71438  f8  00
0.71467  fc  b3
0.71496  fa  be
0.71526  fe  ba
0.71556  00  c5
0.71597  90  00
0.71626  00  00
0.71654  00  90
0.71680  b0  00
0.71709  7f  16
0.71736  ff  16
0.71765  0a  50
0.71792  00  aa
0.71818  b0  00
0.71848  00  16
0.71874  00  16
0.71901  a0  50
0.71930  00  00
0.71957  e4  c8
0.71988  00  9c
0.72015  b2  6a
0.72045  00  5a
0.72071  00  02
0.72098  00  46

0.72260  f0  00
0.72288  b0  11
0.72317  00  16
0.72344  00  16
0.72371  00  50
0.72401  c0  00
0.72429  00  00
0.72456  00  00

0.77135  e0  00
0.77166  00  c2
0.77193  ea  51
0.77228  00  9c
0.77255  00  46
0.77282  00  00
0.77309  00  00
0.77338  00  00
0.77366  e8  00
0.77398  00  22
0.77427  00  16
0.77454  00  00
0.77481  00  00
0.77508  00  00
0.77537  00  00
0.77568  f8  00
0.77597  fc  b3
0.77627  fa  be
0.77657  fe  ba
0.77687  00  c5
0.77728  90  00
0.77757  00  00
0.77784  00  90
0.77811  b0  00
0.77840  7f  16
0.77867  ff  16
0.77894  0a  50
0.77921  00  aa
0.77949  b0  00
0.77978  00  16
0.78005  00  16
0.78032  a0  50
0.78061  00  00
0.78088  e4  c8
0.78120  00  9c
0.78146  b2  6a
0.78176  00  5a
0.78203  00  02
0.78230  00  46

0.78391  f0  00
0.78419  b0  11
0.78448  00  16
0.78475  00  16
0.78502  00  50
0.78533  c0  00
0.78561  00  00
0.78587  00  00

0.83564  e0  00
0.83595  00  c2
0.83623  ea  51
0.83655  00  9c
0.83682  00  46
0.83709  00  00
0.83736  00  00
0.83763  00  00
0.83791  e8  00
0.83823  00  22
0.83850  00  16
0.83877  00  00
0.83904  00  00
0.83931  00  00
0.83959  00  00
0.83990  f8  00
0.84018  fc  b3
0.84048  fa  be
0.84078  fe  ba
0.84108  00  c5
0.84151  90  00
0.84180  00  00
0.84208  00  90
0.84236  b0  00
0.84265  7f  16
0.84292  ff  16
0.84319  0a  50
0.84346  00  aa
0.84372  b0  00
0.84401  00  16
0.84428  00  16
0.84455  a0  50
0.84484  00  00
0.84511  e4  c8
0.84542  00  9c
0.84569  b2  6a
0.84600  00  5a
0.84637  00  02
0.84665  00  46

0.84827  f0  00
0.84855  b0  11
0.84884  00  16
0.84911  00  16
0.84938  00  50
0.84968  c0  00
0.84997  00  00
0.85023  00  00

0.88503  e0  00
0.88533  00  c2
0.88560  ea  51
0.88593  00  9c
0.88620  00  46
0.88647  00  00
0.88674  00  00
0.88701  00  00
0.88728  e8  00
0.88760  00  22
0.88787  00  16
0.88815  00  00
0.88842  00  00
0.88869  00  00
0.88896  00  00
0.88929  f8  00
0.88958  fc  b3
0.88988  fa  be
0.89017  fe  ba
0.89048  00  c5
0.89089  90  00
0.89117  00  00
0.89145  00  90
0.89172  b0  00
0.89201  7f  16
0.89227  ff  16
0.89254  0a  50
0.89281  00  aa
0.89310  b0  00
0.89339  00  16
0.89366  00  16
0.89393  a0  50
0.89421  00  00
0.89448  e4  c8
0.89480  00  9c
0.89509  b2  6a
0.89539  00  5a
0.89566  00  02
0.89592  00  46

0.89887  f0  00
0.89916  b0  11
0.89945  00  16
0.89972  00  16
0.89999  00  50
0.90029  c0  00
0.90057  00  00
0.90084  00  00

0.93576  e0  00
0.93607  00  c2
0.93634  ea  51
0.93666  00  9c
0.93694  00  46
0.93721  00  00
0.93748  00  00
0.93775  00  00
0.93802  e8  00
0.93834  00  22
0.93861  00  16
0.93889  00  00
0.93915  00  00
0.93942  00  00
0.93970  00  00
0.94003  f8  00
0.94032  fc  b3
0.94061  fa  be
0.94091  fe  ba
0.94121  00  c5
0.94163  90  00
0.94191  00  00
0.94219  00  90
0.94246  b0  00
0.94275  7f  16
0.94302  ff  16
0.94329  0a  50
0.94355  00  aa
0.94382  b0  00
0.94411  00  16
0.94437  00  16
0.94464  a0  50
0.94492  00  00
0.94520  e4  c8
0.94551  00  9c
0.94578  b2  6a
0.94616  00  5a
0.94643  00  02
0.94670  00  46

0.94975  f0  00
0.95004  b0  11
0.95033  00  16
0.95060  00  16
0.95087  00  50
0.95117  c0  00
0.95145  00  00
0.95172  00  00

0.98650  e0  00
0.98680  00  c2
0.98707  ea  51
0.98740  00  9c
0.98767  00  46
0.98794  00  00
0.98821  00  00
0.98848  00  00
0.98877  e8  00
0.98909  00  22
0.98936  00  16
0.98963  00  00
0.98990  00  00
0.99017  00  00
0.99045  00  00
0.99076  f8  00
0.99105  fc  b3
0.99134  fa  be
0.99164  fe  ba
0.99194  00  c5
0.99235  90  00
0.99263  00  00
0.99291  00  90
0.99318  b0  00
0.99347  7f  16
0.99375  ff  16
0.99403  0a  50
0.99429  00  aa
0.99456  b0  00
0.99486  00  16
0.99513  00  16
0.99540  a0  50
0.99569  00  00
0.99607  e4  c8
0.99638  00  9c
0.99665  b2  6a
0.99695  00  5a
0.99721  00  02
0.99748  00  46

1.00063  f0  00
1.00092  b0  11
1.00121  00  16
1.00148  00  16
1.00175  00  50
1.00205  c0  00
1.00233  00  00
1.00260  00  00

1.03708  e0  00
1.03739  00  c2
1.03766  ea  51
1.03798  00  9c
1.03825  00  46
1.03852  00  00
1.03879  00  00
1.03906  00  00
1.03933  e8  00
1.03966  00  22
1.03993  00  16
1.04020  00  00
1.04047  00  00
1.04075  00  00
1.04103  00  00
1.04133  f8  00
1.04164  fc  b3
1.04194  fa  be
1.04223  fe  ba
1.04253  00  c5
1.04297  90  00
1.04325  00  00
1.04353  00  90
1.04381  b0  00
1.04411  7f  16
1.04438  ff  16
1.04465  0a  50
1.04492  00  aa
1.04518  b0  00
1.04548  00  16
1.04586  00  16
1.04613  a0  50
1.04642  00  00
1.04669  e4  c8
1.04699  00  9c
1.04726  b2  6a
1.04757  00  5a
1.04783  00  02
1.04810  00  46

1.05151  f0  00
1.05180  b0  11
1.05209  00  16
1.05236  00  16
1.05262  00  50
1.05292  c0  00
1.05321  00  00
1.05347  00  00

1.08769  e0  00
1.08799  00  c2
1.08826  ea  51
1.08859  00  9c
1.08886  00  46
1.08913  00  00
1.08940  00  00
1.08967  00  00
1.08995  e8  00
1.09027  00  22
1.09054  00  16
1.09081  00  00
1.09108  00  00
1.09135  00  00
1.09163  00  00
1.09194  f8  00
1.09222  fc  b3
1.09253  fa  be
1.09282  fe  ba
1.09312  00  c5
1.09354  90  00
1.09382  00  00
1.09410  00  90
1.09436  b0  00
1.09466  7f  16
1.09493  ff  16
1.09520  0a  50
1.09547  00  aa
1.09587  b0  00
1.09615  00  16

1.10037  00  16
1.10063  a0  50
1.10092  00  00
1.10119  e4  c8
1.10151  00  9c
1.10177  b2  6a
1.10207  00  5a
1.10234  00  02
1.10267  00  46
1.10322  90  00
1.10355  00  00
1.10382  00  90
1.10413  13  00
1.10440  32  13

1.15400  90  13
1.15429  00  00
1.15456  00  93
1.15514  07  00
1.15557  07  07
1.15604  90  07
1.15633  00  00
1.15660  00  93

1.17160  13  00
1.17187  80  13

1.22128  90  13
1.22156  00  00
1.22183  00  90

1.22351  0e  00
1.22393  0f  0e

1.22581  f0  0f
1.22610  b0  11
1.22639  00  16
1.22665  00  16
1.22692  00  50
1.22723  c0  00
1.22751  00  00
1.22778  00  00

1.26277  e0  00
1.26308  00  c2
1.26335  ea  51
1.26368  00  9c
1.26395  00  46
1.26422  00  00
1.26449  00  00
1.26476  00  00
1.26504  e8  00
1.26536  00  22
1.26562  00  16
1.26589  00  00
1.26617  00  00
1.26643  00  00
1.26671  00  00
1.26707  f8  00
1.26736  fc  b3
1.26766  fa  be
1.26795  fe  ba
1.26825  00  c5
1.26867  90  00
1.26895  00  00
1.26923  00  90
1.26950  b0  00
1.26978  7f  16
1.27005  ff  16
1.27037  0a  50
1.27063  00  aa
1.27090  b0  00
1.27122  00  16
1.27150  00  16
1.27176  a0  50
1.27205  00  00
1.27235  e4  c8
1.27267  00  9c
1.27294  b2  6a
1.27323  00  5a
1.27372  00  02
1.27399  00  46
1.27495  90  00
1.27523  00  00
1.27551  00  90
1.27578  0a  00
1.27605  00  aa
1.27634  b0  00
1.27663  00  16
1.27689  00  16
1.27721  a0  50
1.27750  00  00
1.27777  e4  c8
1.27810  00  9c
1.27837  b2  6a
1.27867  00  5a
1.27894  00  02
1.27921  00  46

1.32587  f0  00
1.32615  b0  11
1.32644  00  16
1.32671  00  16
1.32698  00  50
1.32728  c0  00
1.32757  00  00
1.32783  00  00

1.36223  c0  00
1.36252  00  00
1.36279  00  00
1.36307  90  00
1.36335  00  00
1.36362  00  90
1.36393  07  00
1.36431  0e  07
1.36458  0f  0e
1.36488  90  0f
1.36517  00  00
1.36544  00  90

1.39514  90  00
1.39543  00  00
1.39570  00  90
1.39600  0a  00
1.39627  00  aa
1.39653  b0  00
1.39682  00  16
1.39709  00  16
1.39736  a0  50
1.39765  00  00
1.39792  e4  c8
1.39823  00  9c
1.39850  b2  6a
1.39880  00  5a
1.39907  00  02
1.39934  00  46

1.44502  90  00
1.44531  00  00
1.44559  00  90
1.44588  0a  00
1.44615  00  aa
1.44642  b0  00
1.44671  00  16
1.44697  00  16
1.44724  a0  50
1.44752  00  00
1.44779  e4  c8
1.44811  00  9c
1.44838  b2  6a
1.44868  00  5a
1.44894  00  02
1.44921  00  46

1.49491  90  00
1.49519  00  00
1.49547  00  90
1.49577  0a  00
1.49604  00  aa
1.49630  b0  00
1.49660  00  16
1.49686  00  16
1.49713  a0  50
1.49742  00  00
1.49769  e4  c8
1.49801  00  9c
1.49828  b2  6a
1.49858  00  5a
1.49885  00  02
1.49912  00  46

1.54479  90  00
1.54508  00  00
1.54535  00  90
1.54565  0a  00
1.54592  00  aa
1.54618  b0  00
1.54647  00  16
1.54674  00  16
1.54701  a0  50
1.54730  00  00
1.54757  e4  c8
1.54788  00  9c
1.54815  b2  6a
1.54845  00  5a
1.54871  00  02
1.54898  00  46

1.59467  90  00
1.59495  00  00
1.59523  00  90
1.59553  0a  00
1.59579  00  aa
1.59606  b0  00
1.59635  00  16
1.59661  00  16
1.59688  a0  50
1.59717  00  00
1.59744  e4  c8
1.59775  00  9c
1.59802  b2  6a
1.59833  00  5a
1.59860  00  02
1.59887  00  46

1.64455  90  00
1.64484  00  00
1.64512  00  90
1.64541  0a  00
1.64568  00  aa
1.64594  b0  00
1.64624  00  16
1.64650  00  16
1.64677  a0  50
1.64706  00  00
1.64733  e4  c8
1.64765  00  9c
1.64792  b2  6a
1.64821  00  5a
1.64848  00  02
1.64875  00  46

1.69444  90  00
1.69472  00  00
1.69500  00  90
1.69530  0a  00
1.69556  00  aa
1.69583  b0  00
1.69611  00  16
1.69638  00  16
1.69665  a0  50
1.69694  00  00
1.69721  e4  c8
1.69752  00  9c
1.69779  b2  6a
1.69809  00  5a
1.69836  00  02
1.69863  00  46

1.74432  90  00
1.74461  00  00
1.74488  00  90
1.74518  0a  00
1.74544  00  aa
1.74571  b0  00
1.74600  00  16
1.74627  00  16
1.74653  a0  50
1.74682  00  00
1.74709  e4  c8
1.74740  00  9c
1.74767  b2  6a
1.74798  00  5a
1.74824  00  02
1.74851  00  46

1.79420  90  00
1.79449  00  00
1.79476  00  90
1.79506  0a  00
1.79533  00  aa
1.79559  b0  00
1.79588  00  16
1.79614  00  16
1.79641  a0  50
1.79670  00  00
1.79697  e4  c8
1.79728  00  9c
1.79755  b2  6a
1.79786  00  5a
1.79813  00  02
1.79840  00  46

1.84408  90  00
1.84437  00  00
1.84465  00  90
1.84494  0a  00
1.84521  00  aa
1.84547  b0  00
1.84577  00  16
1.84603  00  16
1.84629  a0  50
1.84658  00  00
1.84685  e4  c8
1.84717  00  9c
1.84743  b2  6a
1.84774  00  5a
1.84801  00  02
1.84828  00  46

1.89397  90  00
1.89425  00  00
1.89453  00  90
1.89482  0a  00
1.89510  00  aa
1.89536  b0  00
1.89566  00  16
1.89592  00  16
1.89619  a0  50
1.89647  00  00
1.89674  e4  c8
1.89706  00  9c
1.89733  b2  6a
1.89762  00  5a
1.89789  00  02
1.89816  00  46

1.94385  90  00
1.94414  00  00
1.94441  00  90
1.94471  0a  00
1.94497  00  aa
1.94524  b0  00
1.94553  00  16
1.94579  00  16
1.94607  a0  50
1.94635  00  00
1.94662  e4  c8
1.94693  00  9c
1.94720  b2  6a
1.94750  00  5a
1.94778  00  02
1.94804  00  46

1.99373  90  00
1.99402  00  00
1.99429  00  90
1.99459  0a  00
1.99486  00  aa
1.99513  b0  00
1.99542  00  16
1.99568  00  16
1.99595  a0  50
1.99624  00  00
1.99651  e4  c8
1.99682  00  9c
1.99709  b2  6a
1.99739  00  5a
1.99766  00  02
1.99793  00  46

2.04361  90  00
2.04389  00  00
2.04417  00  90
2.04447  0a  00
2.04474  00  aa
2.04500  b0  00
2.04530  00  16
2.04557  00  16
2.04584  a0  50
2.04613  00  00
2.04639  e4  c8
2.04671  00  9c
2.04698  b2  6a
2.04728  00  5a
2.04754  00  02
2.04781  00  46

2.09350  90  00
2.09378  00  00
2.09406  00  90
2.09435  0a  00
2.09463  00  aa
2.09489  b0  00
2.09519  00  16
2.09545  00  16
2.09572  a0  50
2.09601  00  00
2.09628  e4  c8
2.09659  00  9c
2.09686  b2  6a
2.09715  00  5a
2.09742  00  02
2.09769  00  46

2.14338  90  00
2.14366  00  00
2.14393  00  90
2.14423  0a  00
2.14450  00  aa
2.14477  b0  00
2.14506  00  16
2.14533  00  16
2.14560  a0  50
2.14589  00  00
2.14616  e4  c8
2.14647  00  9c
2.14674  b2  6a
2.14704  00  5a
2.14731  00  02
2.14758  00  46

2.19326  90  00
2.19355  00  00
2.19382  00  90
2.19412  0a  00
2.19439  00  aa
2.19466  b0  00
2.19495  00  16
2.19521  00  16
2.19548  a0  50
2.19577  00  00
2.19604  e4  c8
2.19635  00  9c
2.19662  b2  6a
2.19692  00  5a
2.19719  00  02
2.19746  00  46

2.24314  90  00
2.24343  00  00
2.24371  00  90
2.24400  0a  00
2.24427  00  aa
2.24453  b0  00
2.24483  00  16
2.24509  00  16
2.24536  a0  50
2.24565  00  00
2.24592  e4  c8
2.24623  00  9c
2.24650  b2  6a
2.24680  00  5a
2.24706  00  02
2.24733  00  46

2.29302  90  00
2.29331  00  00
2.29359  00  90
2.29388  0a  00
2.29416  00  aa
2.29442  b0  00
2.29472  00  16
2.29498  00  16
2.29525  a0  50
2.29554  00  00
2.29580  e4  c8
2.29612  00  9c
2.29639  b2  6a
2.29668  00  5a
2.29695  00  02
2.29722  00  46

2.34291  90  00
2.34319  00  00
2.34347  00  90
2.34377  0a  00
2.34403  00  aa
2.34430  b0  00
2.34459  00  16
2.34485  00  16
2.34512  a0  50
2.34541  00  00
2.34568  e4  c8
2.34600  00  9c
2.34627  b2  6a
2.34657  00  5a
2.34684  00  02
2.34711  00  46

2.39279  90  00
2.39308  00  00
2.39335  00  90
2.39365  0a  00
2.39392  00  aa
2.39419  b0  00
2.39448  00  16
2.39474  00  16
2.39501  a0  50
2.39530  00  00
2.39557  e4  c8
2.39588  00  9c
2.39615  b2  6a
2.39646  00  5a
2.39673  00  02
2.39700  00  46

2.44267  90  00
2.44295  00  00
2.44323  00  90
2.44352  0a  00
2.44380  00  aa
2.44406  b0  00
2.44436  00  16
2.44463  00  16
2.44490  a0  50
2.44518  00  00
2.44545  e4  c8
2.44577  00  9c
2.44603  b2  6a
2.44633  00  5a
2.44660  00  02
2.44687  00  46

2.49255  90  00
2.49284  00  00
2.49312  00  90
2.49341  0a  00
2.49368  00  aa
2.49394  b0  00
2.49424  00  16
2.49450  00  16
2.49477  a0  50
2.49506  00  00
2.49533  e4  c8
2.49565  00  9c
2.49591  b2  6a
2.49622  00  5a
2.49649  00  02
2.49676  00  46

2.54244  90  00
2.54272  00  00
2.54300  00  90
2.54330  0a  00
2.54356  00  aa
2.54383  b0  00
2.54412  00  16
2.54438  00  16
2.54465  a0  50
2.54494  00  00
2.54521  e4  c8
2.54553  00  9c
2.54580  b2  6a
2.54609  00  5a
2.54636  00  02
2.54663  00  46

2.59232  90  00
2.59261  00  00
2.59288  00  90
2.59318  0a  00
2.59345  00  aa
2.59372  b0  00
2.59401  00  16
2.59427  00  16
2.59454  a0  50
2.59483  00  00
2.59510  e4  c8
2.59541  00  9c
2.59568  b2  6a
2.59598  00  5a
2.59625  00  02
2.59652  00  46

2.64220  90  00
2.64249  00  00
2.64276  00  90
2.64306  0a  00
2.64333  00  aa
2.64359  b0  00
2.64388  00  16
2.64415  00  16
2.64442  a0  50
2.64471  00  00
2.64498  e4  c8
2.64529  00  9c
2.64556  b2  6a
2.64586  00  5a
2.64612  00  02
2.64639  00  46

2.69209  90  00
2.69238  00  00
2.69265  00  90
2.69295  0a  00
2.69322  00  aa
2.69348  b0  00
2.69378  00  16
2.69405  00  16
2.69432  a0  50
2.69460  00  00
2.69487  e4  c8
2.69519  00  9c
2.69546  b2  6a
2.69576  00  5a
2.69602  00  02
2.69629  00  46

2.74197  90  00
2.74225  00  00
2.74253  00  90
2.74282  0a  00
2.74309  00  aa
2.74336  b0  00
2.74365  00  16
2.74391  00  16
2.74418  a0  50
2.74447  00  00
2.74474  e4  c8
2.74506  00  9c
2.74533  b2  6a
2.74563  00  5a
2.74590  00  02
2.74617  00  46

2.79185  90  00
2.79214  00  00
2.79241  00  90
2.79271  0a  00
2.79298  00  aa
2.79325  b0  00
2.79354  00  16
2.79380  00  16
2.79407  a0  50
2.79436  00  00
2.79463  e4  c8
2.79494  00  9c
2.79521  b2  6a
2.79551  00  5a
2.79578  00  02
2.79605  00  46

2.84173  90  00
2.84201  00  00
2.84229  00  90
2.84258  0a  00
2.84285  00  aa
2.84312  b0  00
2.84341  00  16
2.84367  00  16
2.84394  a0  50
2.84422  00  00
2.84449  e4  c8
2.84481  00  9c
2.84508  b2  6a
2.84539  00  5a
2.84565  00  02
2.84592  00  46

2.89161  90  00
2.89190  00  00
2.89218  00  90
2.89247  0a  00
2.89274  00  aa
2.89300  b0  00
2.89330  00  16
2.89356  00  16
2.89383  a0  50
2.89412  00  00
2.89439  e4  c8
2.89470  00  9c
2.89497  b2  6a
2.89527  00  5a
2.89553  00  02
2.89580  00  46

2.94150  90  00
2.94178  00  00
2.94205  00  90
2.94235  0a  00
2.94262  00  aa
2.94288  b0  00
2.94317  00  16
2.94344  00  16
2.94370  a0  50
2.94399  00  00
2.94426  e4  c8
2.94457  00  9c
2.94484  b2  6a
2.94515  00  5a
2.94542  00  02
2.94569  00  46

2.99138  90  00
2.99166  00  00
2.99194  00  90
2.99224  0a  00
2.99251  00  aa
2.99278  b0  00
2.99307  00  16
2.99333  00  16
2.99360  a0  50
2.99389  00  00
2.99416  e4  c8
2.99447  00  9c
2.99474  b2  6a
2.99504  00  5a
2.99531  00  02
2.99558  00  46

3.04126  90  00
3.04155  00  00
3.04182  00  90
3.04212  0a  00
3.04239  00  aa
3.04265  b0  00
3.04294  00  16
3.04321  00  16
3.04348  a0  50
3.04377  00  00
3.04404  e4  c8
3.04434  00  9c
3.04461  b2  6a
3.04492  00  5a
3.04518  00  02
3.04545  00  46

3.09114  90  00
3.09143  00  00
3.09171  00  90
3.09200  0a  00
3.09227  00  aa
3.09253  b0  00
3.09283  00  16
3.09309  00  16
3.09336  a0  50
3.09365  00  00
3.09392  e4  c8
3.09423  00  9c
3.09450  b2  6a
3.09480  00  5a
3.09506  00  02
3.09533  00  46

3.14102  90  00
3.14131  00  00
3.14159  00  90
3.14188  0a  00
3.14215  00  aa
3.14242  b0  00
3.14271  00  16
3.14297  00  16
3.14324  a0  50
3.14353  00  00
3.14380  e4  c8
3.14411  00  9c
3.14438  b2  6a
3.14468  00  5a
3.14495  00  02
