# time   MOSI  MISO
0.00015  00  08
0.00093  0a  00
0.00120  00  aa
0.00146  0a  00
0.00174  00  aa
0.00200  80  00
0.00229  0a  81
0.00257  99  87
0.00284  01  00
0.00311  00  c8
0.00338  00  00
0.00366  00  c8
0.00393  00  00
0.00420  00  00
0.00448  b0  00
0.00477  00  16
0.00504  00  16
0.00531  a0  50
0.00560  00  00
0.00587  e4  c8
0.00618  00  9c
0.00644  00  6a
0.00683  50  00
0.00711  2e  50
0.00742  90  50
0.00770  00  00
0.00798  00  90
0.00825  0c  00

0.01850  90  0c
0.01878  00  00
0.01906  00  90
0.01933  0a  00
0.01960  00  aa
0.01987  b0  00
0.02016  00  16
0.02043  00  16
0.02070  a0  50
0.02099  00  00
0.02126  e4  c8
0.02157  00  9c
0.02184  b2  6a
0.02214  00  5a
0.02240  00  00
0.02267  00  25

0.06589  f0  00
0.06617  b0  12
0.06647  00  16
0.06674  00  16
0.06701  00  50
0.06731  c0  00
0.06759  00  00
0.06786  00  00

0.11765  e0  00
0.11795  00  c2
0.11824  ea  ce
0.11856  00  20
0.11883  00  de
0.11910  00  00
0.11937  00  00
0.11964  00  00
0.11992  e8  00
0.12024  00  20
0.12051  00  ed
0.12078  00  00
0.12105  00  00
0.12132  00  00
0.12160  00  00
0.12191  f8  00
0.12219  fc  bd
0.12249  fa  cb
0.12278  fe  be
0.12309  00  cd
0.12380  90  00
0.12427  00  00
0.12461  00  90
0.12531  b0  00
0.12560  7f  16
0.12587  ff  16
0.12614  0a  50
0.12641  00  aa
0.12667  b0  00
0.12697  00  16
0.12723  00  16
0.12751  a0  50
0.12779  00  00
0.12806  e4  c8
0.12838  00  9c
0.12865  b2  6a
0.12895  00  5a
0.12922  00  00
0.12949  00  25

0.13146  f0  00
0.13174  b0  12
0.13203  00  16
0.13229  00  16
0.13256  00  50
0.13286  c0  00
0.13315  00  00
0.13341  00  00

0.18367  e0  00
0.18398  00  c2
0.18425  ea  ce
0.18457  00  20
0.18484  00  de
0.18511  00  00
0.18538  00  00
0.18565  00  00
0.18593  e8  00
0.18625  00  20
0.18652  00  ed
0.18679  00  00
0.18707  00  00
0.18734  00  00
0.18761  00  00
0.18792  f8  00
0.18821  fc  bd
0.18850  fa  cb
0.18880  fe  be
0.18910  00  cd
0.18951  90  00
0.18980  00  00
0.19008  00  90
0.19034  b0  00
0.19064  7f  16
0.19091  ff  16
0.19120  0a  50
0.19147  00  aa
0.19173  b0  00
0.19202  00  16
0.19229  00  16
0.19256  a0  50
0.19285  00  00
0.19311  e4  c8
0.19343  00  9c
0.19370  b2  6a
0.19400  00  5a
0.19427  00  00
0.19454  00  25

0.19647  f0  00
0.19675  b0  12
0.19704  00  16
0.19731  00  16
0.19758  00  50
0.19788  c0  00
0.19826  00  00
0.19852  00  00

0.24749  e0  00
0.24794  00  c2
0.24821  ea  ce
0.24853  00  20
0.24881  00  de
0.24908  00  00
0.24935  00  00
0.24962  00  00
0.24991  e8  00
0.25023  00  20
0.25050  00  ed
0.25077  00  00
0.25104  00  00
0.25131  00  00
0.25159  00  00
0.25192  f8  00
0.25221  fc  bd
0.25250  fa  cb
0.25280  fe  be
0.25310  00  cd
0.25352  90  00
0.25380  00  00
0.25407  00  90
0.25434  b0  00
0.25463  7f  16
0.25490  ff  16
0.25518  0a  50
0.25544  00  aa
0.25571  b0  00
0.25600  00  16
0.25626  00  16
0.25653  a0  50
0.25682  00  00
0.25709  e4  c8
0.25740  00  9c
0.25767  b2  6a
0.25796  00  5a
0.25823  00  00
0.25850  00  25

0.26043  f0  00
0.26071  b0  12
0.26100  00  16
0.26127  00  16
0.26154  00  50
0.26184  c0  00
0.26213  00  00
0.26239  00  00

0.31162  e0  00
0.31193  00  c2
0.31220  ea  ce
0.31252  00  20
0.31280  00  de
0.31307  00  00
0.31334  00  00
0.31361  00  00
0.31388  e8  00
0.31420  00  20
0.31447  00  ed
0.31475  00  00
0.31502  00  00
0.31529  00  00
0.31556  00  00
0.31589  f8  00
0.31618  fc  bd
0.31647  fa  cb
0.31677  fe  be
0.31707  00  cd
0.31748  90  00
0.31777  00  00
0.31804  00  90
0.31831  b0  00
0.31860  7f  16
0.31886  ff  16
0.31913  0a  50
0.31940  00  aa
0.31966  b0  00
0.31995  00  16
0.32022  00  16
0.32049  a0  50
0.32078  00  00
0.32105  e4  c8
0.32136  00  9c
0.32163  b2  6a
0.32193  00  5a
0.32220  00  00
0.32247  00  25

0.32439  f0  00
0.32467  b0  12
0.32496  00  16
0.32523  00  16
0.32550  00  50
0.32582  c0  00
0.32611  00  00
0.32637  00  00

0.37575  e0  00
0.37606  00  c2
0.37633  ea  ce
0.37665  00  20
0.37692  00  de
0.37719  00  00
0.37746  00  00
0.37772  00  00
0.37800  e8  00
0.37832  00  20
0.37859  00  ed
0.37886  00  00
0.37913  00  00
0.37940  00  00
0.37967  00  00
0.37998  f8  00
0.38027  fc  bd
0.38058  fa  cb
0.38088  fe  be
0.38118  00  cd
0.38161  90  00
0.38190  00  00
0.38218  00  90
0.38244  b0  00
0.38273  7f  16
0.38300  ff  16
0.38327  0a  50
0.38354  00  aa
0.38380  b0  00
0.38409  00  16
0.38436  00  16
0.38463  a0  50
0.38492  00  00
0.38519  e4  c8
0.38550  00  9c
0.38577  b2  6a
0.38606  00  5a
0.38633  00  00
0.38660  00  25

0.38850  f0  00
0.38879  b0  12
0.38908  00  16
0.38934  00  16
0.38961  00  50
0.38991  c0  00
0.39020  00  00
0.39046  00  00

0.43957  e0  00
0.43988  00  c2
0.44015  ea  ce
0.44047  00  20
0.44074  00  de
0.44101  00  00
0.44128  00  00
0.44154  00  00
0.44182  e8  00
0.44214  00  20
0.44242  00  ed
0.44269  00  00
0.44296  00  00
0.44323  00  00
0.44351  00  00
0.44382  f8  00
0.44411  fc  bd
0.44442  fa  cb
0.44472  fe  be
0.44502  00  cd
0.44545  90  00
0.44574  00  00
0.44602  00  90
0.44628  b0  00
0.44657  7f  16
0.44684  ff  16
0.44711  0a  50
0.44744  00  aa
0.44770  b0  00
0.44800  00  16
0.44827  00  16
0.44853  a0  50
0.44882  00  00
0.44909  e4  c8
0.44941  00  9c
0.44968  b2  6a
0.44998  00  5a
0.45024  00  00
0.45051  00  25

0.45243  f0  00
0.45272  b0  12
0.45301  00  16
0.45330  00  16
0.45356  00  50
0.45386  c0  00
0.45415  00  00
0.45442  00  00

0.50307  e0  00
0.50338  00  c2
0.50365  ea  ce
0.50398  00  20
0.50427  00  de
0.50454  00  00
0.50481  00  00
0.50508  00  00
0.50536  e8  00
0.50568  00  20
0.50595  00  ed
0.50622  00  00
0.50649  00  00
0.50676  00  00
0.50703  00  00
0.50736  f8  00
0.50765  fc  bd
0.50795  fa  cb
0.50826  fe  be
0.50856  00  cd
0.50897  90  00
0.50926  00  00
0.50953  00  90
0.50980  b0  00
0.51009  7f  16
0.51036  ff  16
0.51063  0a  50
0.51091  00  aa
0.51117  b0  00
0.51146  00  16
0.51173  00  16
0.51200  a0  50
0.51229  00  00
0.51255  e4  c8
0.51287  00  9c
0.51314  b2  6a
0.51345  00  5a
0.51371  00  00
0.51398  00  25

0.51590  f0  00
0.51618  b0  12
0.51647  00  16
0.51674  00  16
0.51701  00  50
0.51733  c0  00
0.51762  00  00
0.51788  00  00

0.56509  e0  00
0.56539  00  c2
0.56566  ea  ce
0.56599  00  20
0.56626  00  de
0.56653  00  00
0.56680  00  00
0.56707  00  00
0.56734  e8  00
0.56767  00  20
0.56793  00  ed
0.56821  00  00
0.56848  00  00
0.56875  00  00
0.56902  00  00
0.56933  f8  00
0.56961  fc  bd
0.56991  fa  cb
0.57021  fe  be
0.57051  00  cd
0.57092  90  00
0.57121  00  00
0.57148  00  90
0.57175  b0  00
0.57204  7f  16
0.57231  ff  16
0.57258  0a  50
0.57286  00  aa
0.57313  b0  00
0.57342  00  16
0.57369  00  16
0.57396  a0  50
0.57424  00  00
0.57451  e4  c8
0.57483  00  9c
0.57510  b2  6a
0.57540  00  5a
0.57566  00  00
0.57593  00  25

0.57786  f0  00
0.57814  b0  12
0.57843  00  16
0.57870  00  16
0.57898  00  50
0.57928  c0  00
0.57957  00  00
0.57984  00  00

0.62693  e0  00
0.62724  00  c2
0.62751  ea  ce
0.62786  00  20
0.62813  00  de
0.62840  00  00
0.62867  00  00
0.62896  00  00
0.62924  e8  00
0.62956  00  20
0.62985  00  ed
0.63012  00  00
0.63039  00  00
0.63066  00  00
0.63095  00  00
0.63126  f8  00
0.63155  fc  bd
0.63185  fa  cb
0.63215  fe  be
0.63245  00  cd
0.63286  90  00
0.63315  00  00
0.63342  00  90
0.63369  b0  00
0.63398  7f  16
0.63425  ff  16
0.63452  0a  50
0.63480  00  aa
0.63507  b0  00
0.63536  00  16
0.63562  00  16
0.63589  a0  50
0.63618  00  00
0.63645  e4  c8
0.63677  00  9c
0.63704  b2  6a
0.63734  00  5a
0.63760  00  00
0.63787  00  25

0.63977  f0  00
0.64006  b0  12
0.64035  00  16
0.64061  00  16
0.64088  00  50
0.64118  c0  00
0.64147  00  00
0.64174  00  00

0.68806  e0  00
0.68837  00  c2
0.68864  ea  ce
0.68896  00  20
0.68923  00  de
0.68950  00  00
0.68977  00  00
0.69004  00  00
0.69031  e8  00
0.69063  00  20
0.69090  00  ed
0.69117  00  00
0.69144  00  00
0.69171  00  00
0.69198  00  00
0.69229  f8  00
0.69258  fc  bd
0.69287  fa  cb
0.69317  fe  be
0.69347  00  cd
0.69391  90  00
0.69419  00  00
0.69447  00  90
0.69474  b0  00
0.69503  7f  16
0.69530  ff  16
0.69557  0a  50
0.69584  00  aa
0.69610  b0  00
0.69640  00  16
0.69681  00  16
0.69708  a0  50
0.69737  00  00
0.69764  e4  c8
0.69795  00  9c
0.69822  b2  6a
0.69853  00  5a
0.69880  00  00
0.69907  00  25

0.70099  f0  00
0.70128  b0  12
0.70157  00  16
0.70183  00  16
0.70210  00  50
0.70240  c0  00
0.70269  00  00
0.70295  00  00

0.74962  e0  00
0.74993  00  c2
0.75020  ea  ce
0.75053  00  20
0.75080  00  de
0.75107  00  00
0.75134  00  00
0.75161  00  00
0.75188  e8  00
0.75221  00  20
0.75248  00  ed
0.75275  00  00
0.75302  00  00
0.75329  00  00
0.75356  00  00
0.75387  f8  00
0.75416  fc  bd
0.75445  fa  cb
0.75475  fe  be
0.75505  00  cd
0.75546  90  00
0.75575  00  00
0.75602  00  90
0.75629  b0  00
0.75657  7f  16
0.75684  ff  16
0.75711  0a  50
0.75738  00  aa
0.75765  b0  00
0.75794  00  16
0.75821  00  16
0.75848  a0  50
0.75877  00  00
0.75904  e4  c8
0.75935  00  9c
0.75963  b2  6a
0.75993  00  5a
0.76019  00  00
0.76046  00  25

0.76239  f0  00
0.76267  b0  12
0.76296  00  16
0.76323  00  16
0.76352  00  50
0.76382  c0  00
0.76411  00  00
0.76438  00  00

0.81075  e0  00
0.81106  00  c2
0.81133  ea  ce
0.81165  00  20
0.81192  00  de
0.81219  00  00
0.81246  00  00
0.81273  00  00
0.81301  e8  00
0.81333  00  20
0.81360  00  ed
0.81387  00  00
0.81414  00  00
0.81441  00  00
0.81469  00  00
0.81500  f8  00
0.81528  fc  bd
0.81558  fa  cb
0.81587  fe  be
0.81617  00  cd
0.81660  90  00
0.81689  00  00
0.81717  00  90
0.81743  b0  00
0.81773  7f  16
0.81800  ff  16
0.81827  0a  50
0.81854  00  aa
0.81880  b0  00
0.81910  00  16
0.81938  00  16
0.81965  a0  50
0.81994  00  00
0.82021  e4  c8
0.82052  00  9c
0.82079  b2  6a
0.82109  00  5a
0.82138  00  00
0.82165  00  25

0.82357  f0  00
0.82386  b0  12
0.82415  00  16
0.82441  00  16
0.82468  00  50
0.82498  c0  00
0.82527  00  00
0.82554  00  00

0.87252  e0  00
0.87282  00  c2
0.87309  ea  ce
0.87341  00  20
0.87368  00  de
0.87395  00  00
0.87424  00  00

0.87837  00  00
0.87864  e8  00
0.87897  00  20
0.87923  00  ed
0.87950  00  00
0.87977  00  00
0.88004  00  00
0.88040  00  00
0.88072  90  00
0.88101  00  00
0.88128  00  90
0.88179  90  00
0.88207  00  00
0.88234  00  90
0.88266  13  00
0.88292  25  13

0.92456  90  13
0.92485  00  00
0.92512  00  93
0.92567  07  00
0.92624  07  07
0.92669  90  07
0.92698  00  00
0.92726  00  93

1.00019  13  00
1.00046  80  13

1.04189  90  13
1.04218  00  00
1.04245  00  90

1.05180  0e  00
1.05206  0f  0e

1.05425  f0  0f
1.05453  b0  12
1.05482  00  16
1.05509  00  16
1.05535  00  50
1.05565  c0  00
1.05594  00  00
1.05621  00  00

1.10330  e0  00
1.10361  00  c2
1.10388  ea  ce
1.10420  00  20
1.10447  00  de
1.10479  00  00
1.10506  00  00
1.10533  00  00
1.10560  e8  00
1.10592  00  20
1.10619  00  ed
1.10646  00  00
1.10673  00  00
1.10700  00  00
1.10728  00  00
1.10759  f8  00
1.10788  fc  bd
1.10817  fa  cb
1.10847  fe  be
1.10878  00  cd
1.10919  90  00
1.10948  00  00
1.10977  00  90
1.11004  b0  00
1.11034  7f  16
1.11060  ff  16
1.11092  0a  50
1.11119  00  aa
1.11145  b0  00
1.11177  00  16
1.11204  00  16
1.11231  a0  50
1.11259  00  00
1.11287  e4  c8
1.11318  00  9c
1.11345  b2  6a
1.11376  00  5a
1.11402  00  00
1.11429  00  25
1.11521  90  00
1.11550  00  00
1.11577  00  90
1.11605  0a  00
1.11632  00  aa
1.11658  b0  00
1.11687  00  16
1.11714  00  16
1.11741  a0  50

1.11875  00  00
1.11901  e4  c8
1.11933  00  9c
1.11960  b2  6a
1.11990  00  5a
1.12016  00  00
1.12043  00  25

1.16486  c0  00
1.16514  00  00
1.16541  00  00
1.16569  90  00
1.16597  00  00
1.16624  00  90
1.16656  07  00
1.16688  0e  07
1.16715  0f  0e

1.19577  90  0f
1.19605  00  00
1.19632  00  90
1.19662  0a  00
1.19689  00  aa
1.19715  b0  00
1.19744  00  16
1.19771  00  16
1.19798  a0  50
1.19827  00  00
1.19854  e4  c8
1.19886  00  9c
1.19913  b2  6a
1.19943  00  5a
1.19970  00  00
1.19997  00  25

1.24565  90  00
1.24593  00  00
1.24621  00  90
1.24650  0a  00
1.24677  00  aa
1.24704  b0  00
1.24733  00  16
1.24759  00  16
1.24786  a0  50
1.24815  00  00
1.24842  e4  c8
1.24874  00  9c
1.24901  b2  6a
1.24930  00  5a
1.24957  00  00
1.24984  00  25

1.29552  90  00
1.29580  00  00
1.29608  00  90
1.29637  0a  00
1.29664  00  aa
1.29690  b0  00
1.29719  00  16
1.29746  00  16
1.29773  a0  50
1.29802  00  00
1.29829  e4  c8
1.29861  00  9c
1.29888  b2  6a
1.29918  00  5a
1.29945  00  00
1.29972  00  25

1.34540  90  00
1.34568  00  00
1.34596  00  90
1.34625  0a  00
1.34652  00  aa
1.34679  b0  00
1.34708  00  16
1.34734  00  16
1.34761  a0  50
1.34790  00  00
1.34817  e4  c8
1.34848  00  9c
1.34875  b2  6a
1.34905  00  5a
1.34932  00  00
1.34959  00  25

1.39527  90  00
1.39556  00  00
1.39583  00  90
1.39613  0a  00
1.39640  00  aa
1.39667  b0  00
1.39696  00  16
1.39722  00  16
1.39749  a0  50
1.39778  00  00
1.39805  e4  c8
1.39836  00  9c
1.39863  b2  6a
1.39893  00  5a
1.39919  00  00
1.39946  00  25

1.44515  90  00
1.44543  00  00
1.44571  00  90
1.44600  0a  00
1.44627  00  aa
1.44654  b0  00
1.44683  00  16
1.44709  00  16
1.44736  a0  50
1.44765  00  00
1.44792  e4  c8
1.44824  00  9c
1.44851  b2  6a
1.44880  00  5a
1.44907  00  00
1.44934  00  25

1.49502  90  00
1.49530  00  00
1.49558  00  90
1.49587  0a  00
1.49614  00  aa
1.49641  b0  00
1.49670  00  16
1.49696  00  16
1.49723  a0  50
1.49752  00  00
1.49779  e4  c8
1.49811  00  9c
1.49838  b2  6a
1.49868  00  5a
1.49895  00  00
1.49922  00  25

1.54490  90  00
1.54518  00  00
1.54546  00  90
1.54575  0a  00
1.54602  00  aa
1.54629  b0  00
1.54658  00  16
1.54684  00  16
1.54711  a0  50
1.54740  00  00
1.54767  e4  c8
1.54799  00  9c
1.54826  b2  6a
1.54855  00  5a
1.54882  00  00
1.54909  00  25

1.59477  90  00
1.59505  00  00
1.59533  00  90
1.59562  0a  00
1.59589  00  aa
1.59616  b0  00
1.59645  00  16
1.59671  00  16
1.59698  a0  50
1.59727  00  00
1.59754  e4  c8
1.59786  00  9c
1.59812  b2  6a
1.59843  00  5a
1.59869  00  00
1.59896  00  25

1.64465  90  00
1.64493  00  00
1.64521  00  90
1.64550  0a  00
1.64577  00  aa
1.64604  b0  00
1.64633  00  16
1.64659  00  16
1.64686  a0  50
1.64715  00  00
1.64742  e4  c8
1.64774  00  9c
1.64801  b2  6a
1.64830  00  5a
1.64857  00  00
1.64884  00  25

1.69452  90  00
1.69480  00  00
1.69508  00  90
1.69537  0a  00
1.69564  00  aa
1.69591  b0  00
1.69620  00  16
1.69646  00  16
1.69673  a0  50
1.69702  00  00
1.69729  e4  c8
1.69761  00  9c
1.69788  b2  6a
1.69818  00  5a
1.69845  00  00
1.69872  00  25

1.74440  90  00
1.74468  00  00
1.74495  00  90
1.74525  0a  00
1.74552  00  aa
1.74578  b0  00
1.74607  00  16
1.74634  00  16
1.74660  a0  50
1.74689  00  00
1.74716  e4  c8
1.74747  00  9c
1.74774  b2  6a
1.74805  00  5a
1.74832  00  00
1.74859  00  25

1.79427  90  00
1.79456  00  00
1.79483  00  90
1.79513  0a  00
1.79540  00  aa
1.79566  b0  00
1.79595  00  16
1.79622  00  16
1.79649  a0  50
1.79678  00  00
1.79705  e4  c8
1.79736  00  9c
1.79763  b2  6a
1.79793  00  5a
1.79819  00  00
1.79846  00  25

1.84415  90  00
1.84443  00  00
1.84470  00  90
1.84500  0a  00
1.84527  00  aa
1.84554  b0  00
1.84583  00  16
1.84610  00  16
1.84637  a0  50
1.84666  00  00
1.84693  e4  c8
1.84724  00  9c
1.84751  b2  6a
1.84780  00  5a
1.84807  00  00
1.84834  00  25

1.89402  90  00
1.89431  00  00
1.89458  00  90
1.89488  0a  00
1.89515  00  aa
1.89541  b0  00
1.89570  00  16
1.89596  00  16
1.89623  a0  50
1.89652  00  00
1.89679  e4  c8
1.89711  00  9c
1.89738  b2  6a
1.89768  00  5a
1.89795  00  00
1.89822  00  25

1.94390  90  00
1.94418  00  00
1.94446  00  90
1.94476  0a  00
1.94502  00  aa
1.94529  b0  00
1.94558  00  16
1.94584  00  16
1.94611  a0  50
1.94640  00  00
1.94667  e4  c8
1.94699  00  9c
1.94726  b2  6a
1.94755  00  5a
1.94782  00  00
1.94809  00  25

1.99377  90  00
1.99406  00  00
1.99433  00  90
1.99463  0a  00
1.99490  00  aa
1.99517  b0  00
1.99546  00  16
1.99572  00  16
1.99599  a0  50
1.99628  00  00
1.99655  e4  c8
1.99686  00  9c
1.99713  b2  6a
1.99743  00  5a
1.99769  00  00
1.99796  00  25

2.04365  90  00
2.04393  00  00
2.04421  00  90
2.04451  0a  00
2.04478  00  aa
2.04504  b0  00
2.04534  00  16
2.04560  00  16
2.04587  a0  50
2.04615  00  00
2.04642  e4  c8
2.04674  00  9c
2.04701  b2  6a
2.04731  00  5a
2.04758  00  00
2.04785  00  25

2.09353  90  00
2.09381  00  00
2.09409  00  90
2.09438  0a  00
2.09465  00  aa
2.09492  b0  00
2.09520  00  16
2.09547  00  16
2.09574  a0  50
2.09603  00  00
2.09630  e4  c8
2.09661  00  9c
2.09688  b2  6a
2.09718  00  5a
2.09745  00  00
2.09772  00  25

2.14340  90  00
2.14368  00  00
2.14396  00  90
2.14426  0a  00
2.14453  00  aa
2.14479  b0  00
2.14509  00  16
2.14535  00  16
2.14562  a0  50
2.14591  00  00
2.14618  e4  c8
2.14649  00  9c
2.14676  b2  6a
2.14706  00  5a
2.14732  00  00
2.14759  00  25

2.19327  90  00
2.19355  00  00
2.19383  00  90
2.19412  0a  00
2.19439  00  aa
2.19466  b0  00
2.19495  00  16
2.19521  00  16
2.19548  a0  50
2.19577  00  00
2.19604  e4  c8
2.19636  00  9c
2.19663  b2  6a
2.19693  00  5a
2.19720  00  00
2.19747  00  25

2.24315  90  00
2.24343  00  00
2.24370  00  90
2.24400  0a  00
2.24427  00  aa
2.24453  b0  00
2.24482  00  16
2.24509  00  16
2.24536  a0  50
2.24565  00  00
2.24592  e4  c8
2.24623  00  9c
2.24650  b2  6a
2.24680  00  5a
2.24707  00  00
2.24734  00  25

2.29302  90  00
2.29331  00  00
2.29359  00  90
2.29388  0a  00
2.29415  00  aa
2.29441  b0  00
2.29470  00  16
2.29497  00  16
2.29524  a0  50
2.29553  00  00
2.29580  e4  c8
2.29611  00  9c
2.29638  b2  6a
2.29668  00  5a
2.29694  00  00
2.29721  00  25

2.34290  90  00
2.34318  00  00
2.34346  00  90
2.34376  0a  00
2.34402  00  aa
2.34429  b0  00
2.34458  00  16
2.34484  00  16
2.34511  a0  50
2.34540  00  00
2.34567  e4  c8
2.34599  00  9c
2.34626  b2  6a
2.34655  00  5a
2.34682  00  00
2.34709  00  25

2.39277  90  00
2.39306  00  00
2.39334  00  90
2.39363  0a  00
2.39390  00  aa
2.39417  b0  00
2.39446  00  16
2.39473  00  16
2.39500  a0  50
2.39528  00  00
2.39555  e4  c8
2.39587  00  9c
2.39614  b2  6a
2.39644  00  5a
2.39671  00  00
2.39698  00  25

2.44265  90  00
2.44293  00  00
2.44321  00  90
2.44351  0a  00
2.44377  00  aa
2.44404  b0  00
2.44433  00  16
2.44459  00  16
2.44486  a0  50
2.44515  00  00
2.44542  e4  c8
2.44574  00  9c
2.44601  b2  6a
2.44630  00  5a
2.44657  00  00
2.44684  00  25

2.49252  90  00
2.49280  00  00
2.49308  00  90
2.49338  0a  00
2.49364  00  aa
2.49391  b0  00
2.49420  00  16
2.49446  00  16
2.49473  a0  50
2.49502  00  00
2.49529  e4  c8
2.49561  00  9c
2.49588  b2  6a
2.49618  00  5a
2.49645  00  00
2.49672  00  25

2.54240  90  00
2.54268  00  00
2.54296  00  90
2.54326  0a  00
2.54352  00  aa
2.54379  b0  00
2.54408  00  16
2.54434  00  16
2.54461  a0  50
2.54490  00  00
2.54517  e4  c8
2.54548  00  9c
2.54575  b2  6a
2.54605  00  5a
2.54632  00  00
2.54659  00  25

2.59227  90  00
2.59255  00  00
2.59283  00  90
2.59313  0a  00
2.59340  00  aa
2.59366  b0  00
2.59396  00  16
2.59423  00  16
2.59450  a0  50
2.59479  00  00
2.59505  e4  c8
2.59537  00  9c
2.59564  b2  6a
2.59594  00  5a
2.59621  00  00
2.59648  00  25

2.64215  90  00
2.64243  00  00
2.64271  00  90
2.64301  0a  00
2.64327  00  aa
2.64354  b0  00
2.64382  00  16
2.64409  00  16
2.64436  a0  50
2.64465  00  00
2.64492  e4  c8
2.64523  00  9c
2.64550  b2  6a
2.64580  00  5a
2.64607  00  00
2.64634  00  25

2.69202  90  00
2.69230  00  00
2.69258  00  90
2.69288  0a  00
2.69314  00  aa
2.69341  b0  00
2.69370  00  16
2.69396  00  16
2.69423  a0  50
2.69452  00  00
2.69479  e4  c8
2.69511  00  9c
2.69538  b2  6a
2.69568  00  5a
2.69595  00  00
2.69622  00  25

2.74190  90  00
2.74218  00  00
2.74245  00  90
2.74275  0a  00
2.74302  00  aa
2.74328  b0  00
2.74357  00  16
2.74384  00  16
2.74410  a0  50
2.74439  00  00
2.74466  e4  c8
2.74498  00  9c
2.74524  b2  6a
2.74555  00  5a
2.74582  00  00
2.74609  00  25

2.79177  90  00
2.79206  00  00
2.79234  00  90
2.79263  0a  00
2.79290  00  aa
2.79316  b0  00
2.79346  00  16
2.79372  00  16
2.79399  a0  50
2.79428  00  00
2.79455  e4  c8
2.79486  00  9c
2.79513  b2  6a
2.79543  00  5a
2.79569  00  00
2.79596  00  25

2.84165  90  00
2.84193  00  00
2.84220  00  90
2.84250  0a  00
2.84277  00  aa
2.84304  b0  00
2.84333  00  16
2.84360  00  16
2.84387  a0  50
2.84416  00  00
2.84443  e4  c8
2.84474  00  9c
2.84501  b2  6a
2.84531  00  5a
2.84557  00  00
2.84584  00  25

2.89152  90  00
2.89181  00  00
2.89209  00  90
2.89238  0a  00
2.89265  00  aa
2.89291  b0  00
2.89321  00  16
2.89347  00  16
2.89374  a0  50
2.89403  00  00
2.89430  e4  c8
2.89461  00  9c
2.89488  b2  6a
2.89518  00  5a
2.89544  00  00
2.89571  00  25

2.94140  90  00
2.94169  00  00
2.94196  00  90
2.94226  0a  00
2.94252  00  aa
2.94279  b0  00
2.94308  00  16
2.94334  00  16
2.94361  a0  50
2.94390  00  00
2.94417  e4  c8
2.94449  00  9c
2.94476  b2  6a
2.94505  00  5a
2.94532  00  00
2.94559  00  25

2.99127  90  00
2.99156  00  00
2.99184  00  90
2.99213  0a  00
2.99241  00  aa
2.99267  b0  00
2.99296  00  16
2.99323  00  16
2.99349  a0  50
2.99378  00  00
2.99405  e4  c8
2.99436  00  9c
2.99463  b2  6a
2.99493  00  5a
2.99519  00  00
2.99546  00  25

3.04115  90  00
3.04144  00  00
3.04171  00  90
3.04201  0a  00
3.04228  00  aa
3.04255  b0  00
3.04284  00  16
3.04310  00  16
3.04337  a0  50
3.04365  00  00
3.04392  e4  c8
3.04424  00  9c
3.04451  b2  6a
3.04481  00  5a
3.04508  00  00
3.04535  00  25

3.09102  90  00
3.09130  00  00
3.09158  00  90
3.09188  0a  00
3.09214  00  aa
3.09241  b0  00
3.09270  00  16
3.09296  00  16
3.09323  a0  50
3.09352  00  00
3.09379  e4  c8
3.09411  00  9c
3.09437  b2  6a
3.09468  00  5a
3.09495  00  00
3.09521  00  25

3.14486  90  00
3.14515  00  00
3.14542  00  90
3.14572  0a  00
3.14598  00  aa
3.14625  b0  00
3.14655  00  16
3.14681  00  16
3.14708  a0  50
3.14737  00  00
3.14765  e4  c8
3.14797  00  9c
3.14824  b2  6a
3.14855  00  5a
3.14881  00  00
3.14907  00  25

3.19560  90  00
3.19589  00  00
3.19616  00  90
3.19643  0a  00
3.19671  00  aa
3.19697  b0  00
3.19726  00  16
3.19753  00  16
3.19780  a0  50
3.19809  00  00
3.19836  e4  c8
3.19867  00  9c
3.19894  b2  6a
3.19924  00  5a
3.19952  00  00
3.19979  00  25

3.24547  90  00
3.24576  00  00
3.24604  00  90
3.24631  0a  00
3.24658  00  aa
3.24684  b0  00
3.24713  00  16
3.24740  00  16
3.24767  a0  50
3.24796  00  00
3.24823  e4  c8
3.24854  00  9c
3.24881  b2  6a
3.24911  00  5a
3.24940  00  00
3.24967  00  25

3.29535  90  00
3.29564  00  00
3.29591  00  90
3.29618  0a  00
3.29645  00  aa
3.29671  b0  00
3.29701  00  16
3.29728  00  16
3.29755  a0  50
3.29784  00  00
3.29811  e4  c8
3.29842  00  9c
3.29869  b2  6a
3.29899  00  5a
3.29927  00  00
3.29954  00  25

3.34522  90  00
3.34551  00  00
3.34579  00  90
3.34606  0a  00
3.34633  00  aa
3.34659  b0  00
3.34688  00  16
3.34715  00  16
3.34742  a0  50
3.34771  00  00
3.34798  e4  c8
3.34829  00  9c
3.34856  b2  6a
3.34885  00  5a
3.34912  00  00
3.34939  00  25

3.39510  90  00
3.39538  00  00
3.39566  00  90
3.39593  0a  00
3.39620  00  aa
3.39646  b0  00
3.39675  00  16
3.39703  00  16
3.39730  a0  50
3.39758  00  00
3.39785  e4  c8
3.39816  00  9c
3.39843  b2  6a
3.39873  00  5a
3.39899  00  00
3.39926  00  25

3.44497  90  00
3.44526  00  00
3.44554  00  90
3.44581  0a  00
3.44608  00  aa
3.44635  b0  00
3.44664  00  16
3.44691  00  16
3.44718  a0  50
3.44747  00  00
3.44774  e4  c8
3.44805  00  9c
3.44832  b2  6a
3.44861  00  5a
3.44890  00  00
3.44917  00  25

3.49485  90  00
3.49514  00  00
3.49541  00  90
3.49568  0a  00
3.49595  00  aa
3.49622  b0  00
3.49651  00  16
3.49678  00  16
3.49705  a0  50
3.49734  00  00
3.49761  e4  c8
3.49792  00  9c
3.49819  b2  6a
3.49849  00  5a
3.49877  00  00
3.49904  00  25

3.54472  90  00
3.54500  00  00
3.54528  00  90
3.54555  0a  00
3.54583  00  aa
3.54609  b0  00
3.54638  00  16
3.54665  00  16
3.54692  a0  50
3.54721  00  00
3.54748  e4  c8
3.54779  00  9c
3.54806  b2  6a
3.54837  00  5a
3.54865  00  00
3.54892  00  25

3.59460  90  00
3.59489  00  00
3.59516  00  90
3.59543  0a  00
3.59571  00  aa
3.59597  b0  00
3.59626  00  16
3.59653  00  16
3.59680  a0  50
3.59709  00  00
3.59736  e4  c8
3.59767  00  9c
3.59794  b2  6a
3.59823  00  5a
3.59852  00  00
3.59879  00  25

3.64447  90  00
3.64476  00  00
3.64504  00  90
3.64531  0a  00
3.64558  00  aa
3.64584  b0  00
3.64613  00  16
3.64640  00  16
3.64667  a0  50
3.64696  00  00
3.64723  e4  c8
3.64754  00  9c
3.64781  b2  6a
3.64811  00  5a
3.64839  00  00
3.64866  00  25

3.69435  90  00
3.69463  00  00
3.69491  00  90
3.69518  0a  00
3.69545  00  aa
3.69572  b0  00
3.69601  00  16
3.69628  00  16
3.69655  a0  50
3.69684  00  00
3.69710  e4  c8
3.69742  00  9c
3.69768  b2  6a
3.69799  00  5a
3.69827  00  00
3.69854  00  25

3.74422  90  00
3.74451  00  00
3.74479  00  90
3.74506  0a  00
3.74533  00  aa
3.74559  b0  00
3.74588  00  16
3.74615  00  16
3.74642  a0  50
3.74671  00  00
3.74698  e4  c8
3.74729  00  9c
3.74756  b2  6a
3.74786  00  5a
3.74815  00  00
3.74842  00  25

3.79410  90  00
3.79439  00  00
3.79466  00  90
3.79494  0a  00
3.79520  00  aa
3.79547  b0  00
3.79576  00  16
3.79603  00  16
3.79630  a0  50
3.79659  00  00
3.79686  e4  c8
3.79717  00  9c
3.79744  b2  6a
3.79774  00  5a
3.79802  00  00
3.79829  00  25

3.84397  90  00
3.84426  00  00
3.84454  00  90
3.84481  0a  00
3.84508  00  aa
3.84535  b0  00
3.84563  00  16
3.84591  00  16
3.84617  a0  50
3.84646  00  00
3.84673  e4  c8
3.84704  00  9c
3.84731  b2  6a
3.84761  00  5a
3.84790  00  00
3.84817  00  25

3.89385  90  00
3.89414  00  00
3.89441  00  90
3.89469  0a  00
3.89496  00  aa
3.89522  b0  00
3.89551  00  16
3.89578  00  16
3.89605  a0  50
3.89633  00  00
3.89660  e4  c8
3.89691  00  9c
3.89718  b2  6a
3.89748  00  5a
3.89777  00  00
3.89804  00  25

3.94372  90  00
3.94401  00  00
3.94428  00  90
3.94456  0a  00
3.94482  00  aa
3.94509  b0  00
3.94538  00  16
3.94565  00  16
3.94591  a0  50
3.94620  00  00
3.94647  e4  c8
3.94678  00  9c
3.94705  b2  6a
3.94735  00  5a
3.94761  00  00
3.94788  00  25

3.99360  90  00
3.99389  00  00
3.99416  00  90
3.99444  0a  00
3.99471  00  aa
3.99497  b0  00
3.99527  00  16
3.99554  00  16
3.99581  a0  50
3.99610  00  00
3.99637  e4  c8
3.99668  00  9c
3.99695  b2  6a
3.99725  00  5a
3.99752  00  00
3.99779  00  25

4.04347  90  00
4.04376  00  00
4.04404  00  90
4.04431  0a  00
4.04458  00  aa
4.04485  b0  00
4.04513  00  16
4.04540  00  16
4.04567  a0  50
4.04596  00  00
4.04623  e4  c8
4.04654  00  9c
4.04681  b2  6a
4.04711  00  5a
4.04740  00  00
4.04767  00  25

4.09335  90  00
4.09363  00  00
4.09391  00  90
4.09418  0a  00
4.09445  00  aa
4.09471  b0  00
4.09500  00  16
4.09527  00  16
4.09554  a0  50
4.09583  00  00
4.09610  e4  c8
4.09641  00  9c
4.09668  b2  6a
4.09697  00  5a
4.09724  00  00
4.09751  00  25

4.14322  90  00
4.14351  00  00
4.14379  00  90
4.14406  0a  00
4.14433  00  aa
4.14459  b0  00
4.14489  00  16
4.14515  00  16
4.14543  a0  50
4.14571  00  00
4.14598  e4  c8
4.14630  00  9c
4.14656  b2  6a
4.14687  00  5a
4.14715  00  00
4.14742  00  25

4.19310  90  00
4.19338  00  00
4.19366  00  90
4.19393  0a  00
4.19420  00  aa
4.19446  b0  00
4.19476  00  16
4.19502  00  16
4.19529  a0  50
4.19558  00  00
4.19585  e4  c8
4.19616  00  9c
4.19643  b2  6a
4.19673  00  5a
4.19699  00  00
4.19726  00  25

4.24297  90  00
4.24326  00  00
4.24354  00  90
4.24381  0a  00
4.24408  00  aa
4.24434  b0  00
4.24463  00  16
4.24490  00  16
4.24517  a0  50
4.24546  00  00
4.24573  e4  c8
4.24604  00  9c
4.24631  b2  6a
4.24661  00  5a
4.24690  00  00
4.24717  00  25

4.29285  90  00
4.29314  00  00
4.29341  00  90
4.29369  0a  00
4.29395  00  aa
4.29422  b0  00
4.29451  00  16
4.29478  00  16
4.29505  a0  50
4.29534  00  00
4.29561  e4  c8
4.29592  00  9c
4.29619  b2  6a
4.29649  00  5a
4.29677  00  00
4.29704  00  25

4.34272  90  00
4.34301  00  00
4.34328  00  90
4.34356  0a  00
4.34383  00  aa
4.34409  b0  00
4.34439  00  16
4.34466  00  16
4.34493  a0  50
4.34521  00  00
4.34548  e4  c8
4.34580  00  9c
4.34607  b2  6a
4.34637  00  5a
4.34664  00  00
4.34691  00  25

4.39260  90  00
4.39289  00  00
4.39316  00  90
4.39344  0a  00
4.39370  00  aa
4.39397  b0  00
4.39426  00  16
4.39453  00  16
4.39480  a0  50
4.39509  00  00
4.39536  e4  c8
4.39567  00  9c
4.39594  b2  6a
4.39624  00  5a
4.39652  00  00
4.39679  00  25

4.44264  90  00
4.44293  00  00
4.44320  00  90
4.44350  0a  00
4.44377  00  aa
4.44403  b0  00
4.44433  00  16
4.44459  00  16
4.44486  a0  50
4.44515  00  00
4.44542  e4  c8
4.44573  00  9c
4.44600  b2  6a
4.44630  00  5a
4.44657  00  00
4.44684  00  25

4.49335  90  00
4.49363  00  00
4.49390  00  90
4.49418  0a  00
4.49445  00  aa
4.49471  b0  00
4.49500  00  16
4.49528  00  16
4.49555  a0  50
4.49583  00  00
4.49610  e4  c8
4.49641  00  9c
4.49668  b2  6a
4.49698  00  5a
4.49727  00  00
4.49754  00  25

4.54322  90  00
4.54350  00  00
4.54378  00  90
4.54405  0a  00
4.54432  00  aa
4.54458  b0  00
4.54488  00  16
4.54515  00  16
4.54542  a0  50
4.54571  00  00
4.54598  e4  c8
4.54629  00  9c
4.54656  b2  6a
4.54685  00  5a
4.54712  00  00
4.54739  00  25

4.59310  90  00
4.59339  00  00
4.59366  00  90
4.59393  0a  00
4.59420  00  aa
4.59446  b0  00
4.59476  00  16
4.59503  00  16
4.59530  a0  50
4.59559  00  00
4.59586  e4  c8
4.59617  00  9c
4.59644  b2  6a
4.59674  00  5a
4.59702  00  00
4.59729  00  25

4.64297  90  00
4.64325  00  00
4.64353  00  90
4.64380  0a  00
4.64407  00  aa
4.64433  b0  00
4.64463  00  16
4.64490  00  16
4.64517  a0  50
4.64546  00  00
4.64573  e4  c8
4.64604  00  9c
4.64631  b2  6a
4.64660  00  5a
4.64687  00  00
4.64714  00  25

4.69285  90  00
4.69313  00  00
4.69341  00  90
4.69368  0a  00
4.69395  00  aa
4.69421  b0  00
4.69450  00  16
4.69477  00  16
4.69504  a0  50
4.69533  00  00
4.69560  e4  c8
4.69591  00  9c
4.69618  b2  6a
4.69648  00  5a
4.69677  00  00
4.69704  00  25

4.74272  90  00
4.74301  00  00
4.74329  00  90
4.74356  0a  00
4.74383  00  aa
4.74409  b0  00
4.74438  00  16
4.74465  00  16
4.74492  a0  50
4.74521  00  00
4.74548  e4  c8
4.74579  00  9c
4.74606  b2  6a
4.74636  00  5a
4.74664  00  00
4.74691  00  25

4.79260  90  00
4.79288  00  00
4.79316  00  90
4.79343  0a  00
4.79370  00  aa
4.79396  b0  00
4.79425  00  16
4.79452  00  16
4.79479  a0  50
4.79508  00  00
4.79535  e4  c8
4.79566  00  9c
4.79593  b2  6a
4.79624  00  5a
4.79652  00  00
4.79679  00  25

4.84247  90  00
4.84276  00  00
4.84304  00  90
4.84331  0a  00
4.84358  00  aa
4.84385  b0  00
4.84414  00  16
4.84441  00  16
4.84467  a0  50
4.84496  00  00
4.84523  e4  c8
4.84554  00  9c
4.84581  b2  6a
4.84611  00  5a
4.84640  00  00
4.84667  00  25

4.89235  90  00
4.89264  00  00
4.89291  00  90
4.89319  0a  00
4.89346  00  aa
4.89372  b0  00
4.89402  00  16
4.89428  00  16
4.89455  a0  50
4.89483  00  00
4.89510  e4  c8
4.89541  00  9c
4.89568  b2  6a
4.89598  00  5a
4.89627  00  00
4.89654  00  25

4.94222  90  00
4.94251  00  00
4.94279  00  90
4.94306  0a  00
4.94333  00  aa
4.94359  b0  00
4.94388  00  16
4.94415  00  16
4.94442  a0  50
4.94471  00  00
4.94498  e4  c8
4.94529  00  9c
4.94556  b2  6a
4.94587  00  5a
4.94615  00  00
4.94642  00  25

4.99210  90  00
4.99239  00  00
4.99266  00  90
4.99294  0a  00
4.99320  00  aa
4.99347  b0  00
4.99376  00  16
4.99403  00  16
4.99430  a0  50
4.99458  00  00
4.99485  e4  c8
4.99516  00  9c
4.99543  b2  6a
4.99573  00  5a
4.99600  00  00
4.99627  00  25

5.04197  90  00
5.04226  00  00
5.04254  00  90
5.04281  0a  00
5.04308  00  aa
5.04334  b0  00
5.04364  00  16
5.04390  00  16
5.04418  a0  50
5.04446  00  00
5.04473  e4  c8
5.04505  00  9c
5.04531  b2  6a
5.04562  00  5a
5.04589  00  00
5.04616  00  25

5.09185  90  00
5.09213  00  00
5.09241  00  90
5.09268  0a  00
5.09295  00  aa
5.09321  b0  00
5.09350  00  16
5.09377  00  16
5.09404  a0  50
5.09433  00  00
5.09460  e4  c8
5.09491  00  9c
5.09518  b2  6a
5.09549  00  5a
5.09577  00  00
5.09604  00  25

5.14172  90  00
5.14201  00  00
5.14229  00  90
5.14256  0a  00
5.14283  00  aa
5.14310  b0  00
5.14339  00  16
5.14366  00  16
5.14393  a0  50
5.14421  00  00
5.14448  e4  c8
5.14479  00  9c
5.14506  b2  6a
5.14536  00  5a
5.14565  00  00
5.14592  00  25

5.19160  90  00
5.19189  00  00
5.19216  00  90
5.19244  0a  00
5.19271  00  aa
5.19297  b0  00
5.19327  00  16
5.19353  00  16
5.19380  a0  50
5.19409  00  00
5.19436  e4  c8
5.19467  00  9c
5.19494  b2  6a
5.19524  00  5a
5.19552  00  00
5.19579  00  25

5.24148  90  00
5.24176  00  00
5.24203  00  90
5.24231  0a  00
5.24258  00  aa
5.24284  b0  00
5.24314  00  16
5.24341  00  16
5.24368  a0  50
5.24396  00  00
5.24423  e4  c8
5.24455  00  9c
5.24482  b2  6a
5.24512  00  5a
5.24540  00  00
5.24567  00  25

5.29135  90  00
5.29164  00  00
5.29191  00  90
5.29219  0a  00
5.29245  00  aa
5.29272  b0  00
5.29300  00  16
5.29327  00  16
5.29354  a0  50
5.29383  00  00
5.29410  e4  c8
5.29441  00  9c
5.29468  b2  6a
5.29499  00  5a
5.29527  00  00
5.29554  00  25

5.34123  90  00
5.34151  00  00
5.34179  00  90
5.34206  0a  00
5.34233  00  aa
5.34259  b0  00
5.34289  00  16
5.34316  00  16
5.34343  a0  50
5.34372  00  00
5.34399  e4  c8
5.34430  00  9c
5.34457  b2  6a
5.34487  00  5a
5.34515  00  00
5.34542  00  25

5.39110  90  00
5.39139  00  00
5.39166  00  90
5.39194  0a  00
5.39220  00  aa
5.39247  b0  00
5.39276  00  16
5.39303  00  16
5.39330  a0  50
5.39359  00  00
5.39386  e4  c8
5.39417  00  9c
5.39444  b2  6a
5.39474  00  5a
5.39503  00  00
5.39529  00  25

5.44098  90  00
5.44126  00  00
5.44154  00  90
5.44181  0a  00
5.44208  00  aa
5.44234  b0  00
5.44264  00  16
5.44291  00  16
5.44318  a0  50
5.44346  00  00
5.44373  e4  c8
5.44404  00  9c
5.44431  b2  6a
5.44461  00  5a
5.44490  00  00
5.44517  00  25

5.49085  90  00
5.49114  00  00
5.49141  00  90
5.49169  0a  00
5.49196  00  aa
5.49223  b0  00
5.49252  00  16
5.49279  00  16
5.49306  a0  50
5.49334  00  00
5.49361  e4  c8
5.49392  00  9c
5.49419  b2  6a
5.49449  00  5a
5.49478  00  00
5.49505  00  25

5.54073  90  00
5.54101  00  00
5.54128  00  90
5.54156  0a  00
5.54182  00  aa
5.54209  b0  00
5.54238  00  16
5.54265  00  16
5.54291  a0  50
5.54320  00  00
5.54347  e4  c8
5.54379  00  9c
5.54406  b2  6a
5.54435  00  5a
5.54461  00  00
5.54488  00  25

5.59060  90  00
5.59089  00  00
5.59116  00  90
5.59144  0a  00
5.59171  00  aa
5.59198  b0  00
5.59227  00  16
5.59254  00  16
5.59281  a0  50
5.59310  00  00
5.59337  e4  c8
5.59368  00  9c
5.59395  b2  6a
5.59425  00  5a
5.59452  00  00
5.59479  00  25

5.64048  90  00
5.64076  00  00
5.64104  00  90
5.64131  0a  00
5.64159  00  aa
5.64185  b0  00
5.64214  00  16
5.64241  00  16
5.64268  a0  50
5.64296  00  00
5.64323  e4  c8
5.64355  00  9c
5.64382  b2  6a
5.64412  00  5a
5.64440  00  00
5.64467  00  25

5.69035  90  00
5.69063  00  00
5.69091  00  90
5.69118  0a  00
5.69145  00  aa
5.69171  b0  00
5.69201  00  16
5.69228  00  16
5.69254  a0  50
5.69283  00  00
5.69310  e4  c8
5.69341  00  9c
5.69368  b2  6a
5.69398  00  5a
5.69424  00  00
5.69451  00  25

5.74023  90  00
5.74051  00  00
5.74079  00  90
5.74106  0a  00
5.74133  00  aa
5.74159  b0  00
5.74189  00  16
5.74216  00  16
5.74243  a0  50
5.74272  00  00
5.74299  e4  c8
5.74330  00  9c
5.74357  b2  6a
5.74387  00  5a
5.74414  00  00
5.74441  00  25

5.79010  90  00
5.79038  00  00
5.79066  00  90
5.79093  0a  00
5.79120  00  aa
5.79146  b0  00
5.79176  00  16
5.79203  00  16
5.79230  a0  50
5.79259  00  00
5.79286  e4  c8
5.79317  00  9c
5.79344  b2  6a
5.79373  00  5a
5.79400  00  00
5.79427  00  25

5.83998  90  00
5.84026  00  00
5.84053  00  90
5.84081  0a  00
5.84108  00  aa
5.84134  b0  00
5.84163  00  16
5.84190  00  16
5.84217  a0  50
5.84246  00  00
5.84273  e4  c8
5.84304  00  9c
5.84331  b2  6a
5.84361  00  5a
5.84388  00  00
5.84415  00  25

5.88985  90  00
5.89014  00  00
5.89042  00  90
5.89069  0a  00
5.89096  00  aa
5.89123  b0  00
5.89152  00  16
5.89179  00  16
5.89206  a0  50
5.89235  00  00
5.89262  e4  c8
5.89293  00  9c
5.89320  b2  6a
5.89350  00  5a
5.89378  00  00
5.89405  00  25

5.93973  90  00
5.94001  00  00
5.94028  00  90
5.94056  0a  00
5.94083  00  aa
5.94109  b0  00
5.94138  00  16
5.94165  00  16
5.94192  a0  50
5.94221  00  00
5.94248  e4  c8
5.94279  00  9c
5.94306  b2  6a
5.94336  00  5a
5.94362  00  00
5.94389  00  25

5.98960  90  00
5.98989  00  00
5.99017  00  90
5.99044  0a  00
5.99071  00  aa
5.99098  b0  00
5.99127  00  16
5.99154  00  16
5.99181  a0  50
5.99209  00  00
5.99236  e4  c8
5.99267  00  9c
5.99294  b2  6a
5.99324  00  5a
5.99352  00  00
5.99379  00  25

6.03948  90  00
6.03977  00  00
6.04004  00  90
6.04031  0a  00
6.04058  00  aa
6.04084  b0  00
6.04114  00  16
6.04141  00  16
6.04168  a0  50
6.04196  00  00
6.04223  e4  c8
6.04254  00  9c
6.04281  b2  6a
6.04311  00  5a
6.04340  00  00
6.04367  00  25

6.08935  90  00
6.08964  00  00
6.08992  00  90
6.09019  0a  00
6.09046  00  aa
6.09073  b0  00
6.09102  00  16
6.09129  00  16
6.09156  a0  50
6.09184  00  00
6.09211  e4  c8
6.09243  00  9c
6.09269  b2  6a
6.09300  00  5a
6.09328  00  00
6.09355  00  25

6.13923  90  00
6.13951  00  00
6.13979  00  90
6.14006  0a  00
6.14033  00  aa
6.14059  b0  00
6.14088  00  16
6.14115  00  16
6.14142  a0  50
6.14171  00  00
6.14198  e4  c8
6.14229  00  9c
6.14256  b2  6a
6.14285  00  5a
6.14312  00  00
6.14339  00  25

6.18910  90  00
6.18939  00  00
6.18967  00  90
6.18994  0a  00
6.19021  00  aa
6.19047  b0  00
6.19076  00  16
6.19103  00  16
6.19130  a0  50
6.19159  00  00
6.19186  e4  c8
6.19217  00  9c
6.19244  b2  6a
6.19274  00  5a
6.19303  00  00
6.19330  00  25

6.23898  90  00
6.23927  00  00
6.23954  00  90
6.23981  0a  00
6.24008  00  aa
6.24035  b0  00
6.24064  00  16
6.24091  00  16
6.24118  a0  50
6.24147  00  00
6.24174  e4  c8
6.24205  00  9c
6.24232  b2  6a
6.24261  00  5a
6.24290  00  00
