# time   MOSI  MISO
0.00015  00  00
0.00096  0a  00
0.00123  00  aa
0.00150  0a  00
0.00177  00  aa
0.00204  80  00
0.00232  0a  81
0.00260  99  87
0.00288  01  00
0.00315  00  c8
0.00342  00  00
0.00369  00  c8
0.00397  00  00
0.00424  00  00
0.00451  b0  00
0.00480  00  16
0.00507  00  16
0.00534  a0  50
0.00563  00  00
0.00590  e4  c8
0.00621  00  9c
0.00648  00  6a
0.00687  50  00
0.00715  2f  50
0.00743  90  50
0.00772  00  00
0.00799  00  10
0.00829  0c  00

0.02023  07  0c
0.02072  0f  07

0.05021  f0  0f
0.05050  b0  11
0.05079  00  16
0.05108  00  16
0.05135  00  50
0.05165  c0  00
0.05194  00  00
0.05220  00  00

0.10412  e0  00
0.10442  00  c2
0.10469  ea  51
0.10502  00  9c
0.10529  00  46
0.10556  00  00
0.10583  00  00
0.10610  00  00
0.10637  e8  00
0.10669  00  22
0.10696  00  16
0.10723  00  00
0.10750  00  00
0.10777  00  00
0.10804  00  00
0.10831  f8  00
0.10860  fc  b3
0.10889  fa  be
0.10919  fe  ba
0.10949  00  c5
0.10986  90  00
0.11015  00  00
0.11042  00  10
0.11070  0a  00
0.11097  00  aa
0.11123  b0  00
0.11152  00  16
0.11179  00  16
0.11206  a0  50
0.11235  00  00
0.11262  e4  c8
0.11293  00  9c
0.11320  b2  6a
0.11350  00  5a
0.11377  00  02
0.11404  00  46

0.14999  f0  00
0.15028  b0  11
0.15057  00  16
0.15083  00  16
0.15110  00  50
0.15140  c0  00
0.15169  00  00
0.15195  00  00

0.20573  e0  00
0.20605  00  c2
0.20631  ea  51
0.20663  00  9c
0.20691  00  46
0.20718  00  00
0.20745  00  00
0.20772  00  00
0.20799  e8  00
0.20831  00  22
0.20858  00  16
0.20884  00  00
0.20911  00  00
0.20938  00  00
0.20966  00  00
0.20995  f8  00
0.21024  fc  b3
0.21053  fa  be
0.21083  fe  ba
0.21113  00  c5
0.21150  90  00
0.21179  00  00
0.21206  00  10
0.21234  0a  00
0.21261  00  aa
0.21288  b0  00
0.21317  00  16
0.21344  00  16
0.21371  a0  50
0.21399  00  00
0.21426  e4  c8
0.21458  00  9c
0.21484  b2  6a
0.21514  00  5a
0.21540  00  02
0.21568  00  46

0.24975  f0  00
0.25003  b0  11
0.25032  00  16
0.25060  00  16
0.25086  00  50
0.25116  c0  00
0.25145  00  00
0.25171  00  00

0.30549  e0  00
0.30580  00  c2
0.30607  ea  51
0.30639  00  9c
0.30667  00  46
0.30694  00  00
0.30721  00  00
0.30748  00  00
0.30775  e8  00
0.30807  00  22
0.30834  00  16
0.30862  00  00
0.30889  00  00
0.30916  00  00
0.30945  00  00
0.30972  f8  00
0.31001  fc  b3
0.31030  fa  be
0.31060  fe  ba
0.31090  00  c5
0.31127  90  00
0.31155  00  00
0.31183  00  10
0.31211  0a  00
0.31237  00  aa
0.31265  b0  00
0.31294  00  16
0.31320  00  16
0.31348  a0  50
0.31377  00  00
0.31403  e4  c8
0.31435  00  9c
0.31462  b2  6a
0.31491  00  5a
0.31518  00  02
0.31545  00  46

0.34951  f0  00
0.34979  b0  11
0.35008  00  16
0.35035  00  16
0.35063  00  50
0.35092  c0  00
0.35121  00  00
0.35148  00  00

0.40239  e0  00
0.40270  00  c2
0.40297  ea  51
0.40330  00  9c
0.40357  00  46
0.40384  00  00
0.40411  00  00
0.40438  00  00
0.40466  e8  00
0.40498  00  22
0.40525  00  16
0.40552  00  00
0.40579  00  00
0.40606  00  00
0.40633  00  00
0.40660  f8  00
0.40689  fc  b3
0.40718  fa  be
0.40748  fe  ba
0.40778  00  c5
0.40815  90  00
0.40844  00  00
0.40871  00  10
0.40899  0a  00
0.40925  00  aa
0.40952  b0  00
0.40981  00  16
0.41007  00  16
0.41034  a0  50
0.41063  00  00
0.41090  e4  c8
0.41120  00  9c
0.41147  b2  6a
0.41178  00  5a
0.41205  00  02
0.41232  00  46

0.44927  f0  00
0.44955  b0  11
0.44984  00  16
0.45011  00  16
0.45037  00  50
0.45067  c0  00
0.45096  00  00
0.45122  00  00

0.50215  e0  00
0.50246  00  c2
0.50273  ea  51
0.50305  00  9c
0.50332  00  46
0.50359  00  00
0.50386  00  00
0.50413  00  00
0.50441  e8  00
0.50473  00  22
0.50500  00  16
0.50527  00  00
0.50554  00  00
0.50581  00  00
0.50608  00  00
0.50634  f8  00
0.50663  fc  b3
0.50693  fa  be
0.50723  fe  ba
0.50753  00  c5
0.50790  90  00
0.50818  00  00
0.50846  00  10
0.50873  0a  00
0.50901  00  aa
0.50927  b0  00
0.50956  00  16
0.50983  00  16
0.51010  a0  50
0.51039  00  00
0.51066  e4  c8
0.51097  00  9c
0.51124  b2  6a
0.51154  00  5a
0.51181  00  02
0.51208  00  46

0.54903  f0  00
0.54931  b0  11
0.54960  00  16
0.54987  00  16
0.55014  00  50
0.55044  c0  00
0.55072  00  00
0.55099  00  00

0.60477  e0  00
0.60507  00  c2
0.60534  ea  51
0.60567  00  9c
0.60594  00  46
0.60621  00  00
0.60648  00  00
0.60675  00  00
0.60703  e8  00
0.60735  00  22
0.60762  00  16
0.60789  00  00
0.60816  00  00
0.60843  00  00
0.60873  00  00
0.60899  f8  00
0.60928  fc  b3
0.60958  fa  be
0.60987  fe  ba
0.61017  00  c5
0.61054  90  00
0.61082  00  00
0.61110  00  10
0.61137  0a  00
0.61164  00  aa
0.61191  b0  00
0.61221  00  16
0.61247  00  16
0.61274  a0  50
0.61303  00  00
0.61330  e4  c8
0.61361  00  9c
0.61388  b2  6a
0.61417  00  5a
0.61444  00  02
0.61471  00  46

0.64879  f0  00
0.64907  b0  11
0.64936  00  16
0.64963  00  16
0.64990  00  50
0.65019  c0  00
0.65048  00  00
0.65075  00  00

0.70353  e0  00
0.70384  00  c2
0.70411  ea  51
0.70443  00  9c
0.70470  00  46
0.70497  00  00
0.70524  00  00
0.70551  00  00
0.70579  e8  00
0.70611  00  22
0.70638  00  16
0.70665  00  00
0.70692  00  00
0.70719  00  00
0.70749  00  00
0.70776  f8  00
0.70804  fc  b3
0.70834  fa  be
0.70864  fe  ba
0.70894  00  c5
0.70931  90  00
0.70959  00  00
0.70986  00  10
0.71014  0a  00
0.71041  00  aa
0.71068  b0  00
0.71098  00  16
0.71124  00  16
0.71150  a0  50
0.71179  00  00
0.71206  e4  c8
0.71238  00  9c
0.71264  b2  6a
0.71294  00  5a
0.71321  00  02
0.71348  00  46

0.74854  f0  00
0.74883  b0  11
0.74912  00  16
0.74938  00  16
0.74965  00  50
0.74995  c0  00
0.75024  00  00
0.75051  00  00

0.80242  e0  00
0.80273  00  c2
0.80300  ea  51
0.80333  00  9c
0.80360  00  46
0.80387  00  00
0.80413  00  00
0.80441  00  00
0.80468  e8  00
0.80501  00  22
0.80528  00  16
0.80555  00  00
0.80582  00  00
0.80609  00  00
0.80636  00  00
0.80662  f8  00
0.80691  fc  b3
0.80720  fa  be
0.80750  fe  ba
0.80781  00  c5
0.80818  90  00
0.80846  00  00
0.80874  00  10
0.80901  0a  00
0.80929  00  aa
0.80955  b0  00
0.80984  00  16
0.81011  00  16
0.81038  a0  50
0.81067  00  00
0.81094  e4  c8
0.81125  00  9c
0.81152  b2  6a
0.81182  00  5a
0.81209  00  02
0.81235  00  46

0.84830  f0  00
0.84859  b0  11
0.84888  00  16
0.84914  00  16
0.84941  00  50
0.84971  c0  00
0.85000  00  00
0.85027  00  00

0.90118  e0  00
0.90150  00  c2
0.90177  ea  51
0.90209  00  9c
0.90236  00  46
0.90263  00  00
0.90290  00  00
0.90318  00  00
0.90345  e8  00
0.90377  00  22
0.90404  00  16
0.90431  00  00
0.90458  00  00
0.90485  00  00
0.90513  00  00
0.90540  f8  00
0.90568  fc  b3
0.90598  fa  be
0.90627  fe  ba
0.90657  00  c5
0.90694  90  00
0.90723  00  00
0.90751  00  10
0.90778  0a  00
0.90805  00  aa
0.90832  b0  00
0.90861  00  16
0.90888  00  16
0.90915  a0  50
0.90944  00  00
0.90971  e4  c8
0.91002  00  9c
0.91029  b2  6a
0.91059  00  5a
0.91086  00  02
0.91112  00  46

0.94806  f0  00
0.94835  b0  11
0.94864  00  16
0.94890  00  16
0.94917  00  50
0.94947  c0  00
0.94976  00  00
0.95002  00  00

1.00094  e0  00
1.00125  00  c2
1.00152  ea  51
1.00184  00  9c
1.00211  00  46
1.00238  00  00
1.00265  00  00
1.00292  00  00
1.00320  e8  00
1.00352  00  22
1.00379  00  16
1.00406  00  00
1.00433  00  00
1.00460  00  00
1.00487  00  00
1.00514  f8  00
1.00542  fc  b3
1.00572  fa  be
1.00602  fe  ba
1.00632  00  c5
1.00669  90  00
1.00697  00  00
1.00725  00  10
1.00753  0a  00
1.00779  00  aa
1.00806  b0  00
1.00835  00  16
1.00862  00  16
1.00889  a0  50
1.00918  00  00
1.00945  e4  c8
1.00975  00  9c
1.01003  b2  6a
1.01033  00  5a
1.01059  00  02
1.01086  00  46

1.04782  f0  00
1.04810  b0  11
1.04839  00  16
1.04866  00  16
1.04893  00  50
1.04923  c0  00
1.04951  00  00
1.04978  00  00

1.10256  e0  00
1.10287  00  c2
1.10314  ea  51
1.10347  00  9c
1.10374  00  46
1.10401  00  00
1.10428  00  00
1.10455  00  00
1.10483  e8  00
1.10515  00  22
1.10542  00  16
1.10569  00  00
1.10596  00  00
1.10623  00  00
1.10652  00  00
1.10679  f8  00
1.10707  fc  b3
1.10737  fa  be
1.10766  fe  ba
1.10797  00  c5
1.10834  90  00
1.10862  00  00
1.10889  00  10
1.10917  0a  00
1.10943  00  aa
1.10971  b0  00
1.11000  00  16
1.11027  00  16
1.11054  a0  50
1.11083  00  00
1.11110  e4  c8
1.11142  00  9c
1.11168  b2  6a
1.11199  00  5a
1.11225  00  02
1.11253  00  46

1.14757  f0  00
1.14786  b0  11
1.14815  00  16
1.14841  00  16
1.14868  00  50
1.14898  c0  00
1.14927  00  00
1.14954  00  00

1.20046  e0  00
1.20077  00  c2
1.20104  ea  51
1.20136  00  9c
1.20163  00  46
1.20190  00  00
1.20217  00  00
1.20244  00  00
1.20272  e8  00
1.20304  00  22
1.20331  00  16
1.20358  00  00
1.20385  00  00
1.20412  00  00
1.20438  00  00
1.20465  f8  00
1.20494  fc  b3
1.20523  fa  be
1.20553  fe  ba
1.20583  00  c5
1.20620  90  00
1.20648  00  00
1.20676  00  10
1.20703  0a  00
1.20730  00  aa
1.20757  b0  00
1.20786  00  16
1.20813  00  16
1.20840  a0  50
1.20868  00  00
1.20896  e4  c8
1.20927  00  9c
1.20954  b2  6a
1.20984  00  5a
1.21011  00  02
1.21038  00  46

1.24735  f0  00
1.24763  b0  11
1.24791  00  16
1.24818  00  16
1.24845  00  50
1.24875  c0  00
1.24904  00  00
1.24931  00  00

1.30407  e0  00
1.30438  00  c2
1.30465  ea  51
1.30497  00  9c
1.30524  00  46
1.30551  00  00
1.30578  00  00
1.30605  00  00
1.30633  e8  00
1.30665  00  22
1.30692  00  16
1.30719  00  00
1.30746  00  00
1.30773  00  00
1.30803  00  00
1.30829  f8  00
1.30858  fc  b3
1.30888  fa  be
1.30917  fe  ba
1.30947  00  c5
1.30984  90  00
1.31013  00  00
1.31040  00  90

1.31297  0a  00
1.31331  00  aa
1.31358  b0  00
1.31387  00  16
1.31413  00  16
1.31439  a0  50
1.31468  00  00
1.31495  e4  c8
1.31526  00  9c
1.31553  b2  6a
1.31583  00  5a
1.31612  00  02
1.31639  00  46
1.31689  0e  00
1.31717  0f  0e

1.34627  90  0f
1.34655  00  00
1.34683  00  90
1.34713  0a  00
1.34739  00  aa
1.34766  b0  00
1.34795  00  16
1.34822  00  16
1.34849  a0  50
1.34878  00  00
1.34905  e4  c8
1.34936  00  9c
1.34963  b2  6a
1.34993  00  5a
1.35020  00  02
1.35047  00  46

1.39616  90  00
1.39645  00  00
1.39672  00  90
1.39702  0a  00
1.39729  00  aa
1.39755  b0  00
1.39784  00  16
1.39811  00  16
1.39838  a0  50
1.39867  00  00
1.39894  e4  c8
1.39925  00  9c
1.39952  b2  6a
1.39983  00  5a
1.40010  00  02
1.40037  00  46

1.44607  90  00
1.44636  00  00
1.44664  00  90
1.44693  0a  00
1.44720  00  aa
1.44747  b0  00
1.44775  00  16
1.44802  00  16
1.44829  a0  50
1.44858  00  00
1.44884  e4  c8
1.44916  00  9c
1.44943  b2  6a
1.44973  00  5a
1.45000  00  02
1.45027  00  46

1.49595  90  00
1.49624  00  00
1.49652  00  90
1.49681  0a  00
1.49708  00  aa
1.49734  b0  00
1.49764  00  16
1.49791  00  16
1.49818  a0  50
1.49847  00  00
1.49873  e4  c8
1.49904  00  9c
1.49931  b2  6a
1.49961  00  5a
1.49987  00  02
1.50014  00  46

1.54583  90  00
1.54612  00  00
1.54640  00  90
1.54669  0a  00
1.54696  00  aa
1.54722  b0  00
1.54751  00  16
1.54778  00  16
1.54804  a0  50
1.54833  00  00
1.54861  e4  c8
1.54892  00  9c
1.54919  b2  6a
1.54949  00  5a
1.54976  00  02
1.55003  00  46

1.59571  90  00
1.59600  00  00
1.59627  00  90
1.59657  0a  00
1.59684  00  aa
1.59710  b0  00
1.59740  00  16
1.59766  00  16
1.59793  a0  50
1.59822  00  00
1.59849  e4  c8
1.59880  00  9c
1.59907  b2  6a
1.59937  00  5a
1.59964  00  02
1.59991  00  46

1.64559  90  00
1.64588  00  00
1.64615  00  90
1.64645  0a  00
1.64672  00  aa
1.64698  b0  00
1.64728  00  16
1.64754  00  16
1.64781  a0  50
1.64810  00  00
1.64837  e4  c8
1.64868  00  9c
1.64895  b2  6a
1.64924  00  5a
1.64951  00  02
1.64978  00  46

1.69547  90  00
1.69575  00  00
1.69603  00  90
1.69632  0a  00
1.69659  00  aa
1.69686  b0  00
1.69715  00  16
1.69741  00  16
1.69768  a0  50
1.69796  00  00
1.69823  e4  c8
1.69855  00  9c
1.69882  b2  6a
1.69912  00  5a
1.69939  00  02
1.69966  00  46

1.74535  90  00
1.74564  00  00
1.74591  00  90
1.74621  0a  00
1.74648  00  aa
1.74674  b0  00
1.74703  00  16
1.74729  00  16
1.74756  a0  50
1.74785  00  00
1.74812  e4  c8
1.74843  00  9c
1.74870  b2  6a
1.74900  00  5a
1.74927  00  02
1.74954  00  46

1.79523  90  00
1.79551  00  00
1.79579  00  90
1.79608  0a  00
1.79635  00  aa
1.79661  b0  00
1.79691  00  16
1.79718  00  16
1.79745  a0  50
1.79774  00  00
1.79800  e4  c8
1.79832  00  9c
1.79859  b2  6a
1.79889  00  5a
1.79916  00  02
1.79943  00  46

1.84511  90  00
1.84539  00  00
1.84566  00  90
1.84596  0a  00
1.84623  00  aa
1.84649  b0  00
1.84679  00  16
1.84705  00  16
1.84732  a0  50
1.84761  00  00
1.84788  e4  c8
1.84819  00  9c
1.84846  b2  6a
1.84875  00  5a
1.84902  00  02
1.84929  00  46

1.89499  90  00
1.89527  00  00
1.89555  00  90
1.89585  0a  00
1.89611  00  aa
1.89638  b0  00
1.89667  00  16
1.89694  00  16
1.89721  a0  50
1.89749  00  00
1.89776  e4  c8
1.89807  00  9c
1.89834  b2  6a
1.89864  00  5a
1.89891  00  02
1.89918  00  46

1.94486  90  00
1.94515  00  00
1.94543  00  90
1.94572  0a  00
1.94599  00  aa
1.94626  b0  00
1.94655  00  16
1.94682  00  16
1.94709  a0  50
1.94738  00  00
1.94764  e4  c8
1.94795  00  9c
1.94822  b2  6a
1.94852  00  5a
1.94878  00  02
1.94905  00  46

1.99474  90  00
1.99502  00  00
1.99530  00  90
1.99560  0a  00
1.99586  00  aa
1.99613  b0  00
1.99642  00  16
1.99669  00  16
1.99696  a0  50
1.99724  00  00
1.99751  e4  c8
1.99783  00  9c
1.99810  b2  6a
1.99840  00  5a
1.99866  00  02
1.99893  00  46

2.04462  90  00
2.04491  00  00
2.04519  00  90
2.04548  0a  00
2.04575  00  aa
2.04602  b0  00
2.04631  00  16
2.04657  00  16
2.04684  a0  50
2.04713  00  00
2.04740  e4  c8
2.04771  00  9c
2.04798  b2  6a
2.04828  00  5a
2.04854  00  02
2.04881  00  46

2.09450  90  00
2.09478  00  00
2.09506  00  90
2.09536  0a  00
2.09563  00  aa
2.09589  b0  00
2.09618  00  16
2.09645  00  16
2.09672  a0  50
2.09700  00  00
2.09727  e4  c8
2.09758  00  9c
2.09785  b2  6a
2.09815  00  5a
2.09842  00  02
2.09869  00  46

2.14438  90  00
2.14467  00  00
2.14495  00  90
2.14524  0a  00
2.14551  00  aa
2.14577  b0  00
2.14606  00  16
2.14633  00  16
2.14659  a0  50
2.14688  00  00
2.14715  e4  c8
2.14746  00  9c
2.14773  b2  6a
2.14804  00  5a
2.14831  00  02
2.14858  00  46

2.19426  90  00
2.19454  00  00
2.19482  00  90
2.19511  0a  00
2.19539  00  aa
2.19565  b0  00
2.19594  00  16
2.19621  00  16
2.19649  a0  50
2.19677  00  00
2.19704  e4  c8
2.19735  00  9c
2.19762  b2  6a
2.19793  00  5a
2.19820  00  02
2.19847  00  46

2.24414  90  00
2.24443  00  00
2.24470  00  90
2.24500  0a  00
2.24527  00  aa
2.24553  b0  00
2.24582  00  16
2.24608  00  16
2.24635  a0  50
2.24664  00  00
2.24691  e4  c8
2.24723  00  9c
2.24750  b2  6a
2.24780  00  5a
2.24806  00  02
2.24833  00  46

2.29402  90  00
2.29431  00  00
2.29458  00  90
2.29488  0a  00
2.29515  00  aa
2.29542  b0  00
2.29571  00  16
2.29598  00  16
2.29625  a0  50
2.29654  00  00
2.29681  e4  c8
2.29713  00  9c
2.29740  b2  6a
2.29770  00  5a
2.29797  00  02
2.29823  00  46

2.34390  90  00
2.34418  00  00
2.34446  00  10

2.34705  0a  00
2.34733  00  aa
2.34762  b0  00
2.34791  00  16
2.34818  00  16
2.34845  a0  50
2.34874  00  00
2.34901  e4  c8
2.34932  00  9c
2.34961  b2  6a
2.34991  00  5a
2.35018  00  02
2.35045  00  46
2.35084  07  00
2.35124  0f  07

2.39457  f0  0f
2.39485  b0  11
2.39514  00  16
2.39541  00  16
2.39568  00  50
2.39597  c0  00
2.39626  00  00
2.39653  00  00

2.45229  e0  00
2.45260  00  c2
2.45287  ea  51
2.45319  00  9c
2.45347  00  46
2.45374  00  00
2.45401  00  00
2.45428  00  00
2.45455  e8  00
2.45487  00  22
2.45514  00  16
2.45541  00  00
2.45568  00  00
2.45595  00  00
2.45625  00  00
2.45651  f8  00
2.45680  fc  b3
2.45709  fa  be
2.45739  fe  ba
2.45769  00  c5
2.45806  90  00
2.45834  00  00
2.45862  00  10
2.45890  0a  00
2.45916  00  aa
2.45944  b0  00
2.45973  00  16
2.45999  00  16
2.46026  a0  50
2.46055  00  00
2.46082  e4  c8
2.46114  00  9c
2.46141  b2  6a
2.46170  00  5a
2.46197  00  02
2.46224  00  46

2.49432  f0  00
2.49461  b0  11
2.49490  00  16
2.49517  00  16
2.49544  00  50
2.49574  c0  00
2.49603  00  00
2.49629  00  00

2.55005  e0  00
2.55036  00  c2
2.55063  ea  51
2.55095  00  9c
2.55122  00  46
2.55149  00  00
2.55176  00  00
2.55203  00  00
2.55230  e8  00
2.55262  00  22
2.55289  00  16
2.55317  00  00
2.55344  00  00
2.55371  00  00
2.55398  00  00
2.55427  f8  00
2.55456  fc  b3
2.55485  fa  be
2.55515  fe  ba
2.55545  00  c5
2.55582  90  00
2.55611  00  00
2.55638  00  10
2.55666  0a  00
2.55693  00  aa
2.55720  b0  00
2.55749  00  16
2.55776  00  16
2.55803  a0  50
2.55832  00  00
2.55859  e4  c8
2.55890  00  9c
2.55917  b2  6a
2.55947  00  5a
2.55974  00  02
2.56001  00  46

2.59408  f0  00
2.59436  b0  11
2.59465  00  16
2.59492  00  16
2.59519  00  50
2.59549  c0  00
2.59578  00  00
2.59604  00  00

2.64881  e0  00
2.64913  00  c2
2.64940  ea  51
2.64972  00  9c
2.64998  00  46
2.65025  00  00
2.65052  00  00
2.65079  00  00
2.65107  e8  00
2.65139  00  22
2.65166  00  16
2.65193  00  00
2.65220  00  00
2.65247  00  00
2.65275  00  00
2.65304  f8  00
2.65332  fc  b3
2.65362  fa  be
2.65391  fe  ba
2.65422  00  c5
2.65459  90  00
2.65487  00  00
2.65514  00  10
2.65542  0a  00
2.65569  00  aa
2.65596  b0  00
2.65625  00  16
2.65651  00  16
2.65678  a0  50
2.65707  00  00
2.65734  e4  c8
2.65766  00  9c
2.65792  b2  6a
2.65822  00  5a
2.65848  00  02
2.65876  00  46

2.69384  f0  00
2.69413  b0  11
2.69442  00  16
2.69469  00  16
2.69496  00  50
2.69526  c0  00
2.69554  00  00
2.69581  00  00

2.74957  e0  00
2.74988  00  c2
2.75015  ea  51
2.75047  00  9c
2.75074  00  46
2.75101  00  00
2.75128  00  00
2.75155  00  00
2.75183  e8  00
2.75215  00  22
2.75242  00  16
2.75269  00  00
2.75296  00  00
2.75323  00  00
2.75353  00  00
2.75380  f8  00
2.75408  fc  b3
2.75438  fa  be
2.75467  fe  ba
2.75497  00  c5
2.75534  90  00
2.75563  00  00
2.75590  00  10
2.75618  0a  00
2.75644  00  aa
2.75672  b0  00
2.75701  00  16
2.75728  00  16
2.75755  a0  50
2.75784  00  00
2.75811  e4  c8
2.75843  00  9c
2.75869  b2  6a
2.75899  00  5a
2.75925  00  02
2.75952  00  46

2.79360  f0  00
2.79388  b0  11
2.79417  00  16
2.79443  00  16
2.79470  00  50
2.79500  c0  00
2.79529  00  00
2.79555  00  00

2.84833  e0  00
2.84863  00  c2
2.84890  ea  51
2.84923  00  9c
2.84950  00  46
2.84977  00  00
2.85004  00  00
2.85031  00  00
2.85058  e8  00
2.85090  00  22
2.85117  00  16
2.85145  00  00
2.85172  00  00
2.85199  00  00
2.85226  00  00
2.85255  f8  00
2.85284  fc  b3
2.85313  fa  be
2.85343  fe  ba
2.85373  00  c5
2.85410  90  00
2.85439  00  00
2.85467  00  10
2.85494  0a  00
2.85521  00  aa
2.85548  b0  00
2.85578  00  16
2.85605  00  16
2.85632  a0  50
2.85661  00  00
2.85688  e4  c8
2.85719  00  9c
2.85746  b2  6a
2.85777  00  5a
2.85803  00  02
2.85830  00  46

2.89336  f0  00
2.89364  b0  11
2.89393  00  16
2.89419  00  16
2.89446  00  50
2.89476  c0  00
2.89505  00  00
2.89532  00  00

2.94908  e0  00
2.94940  00  c2
2.94967  ea  51
2.94999  00  9c
2.95027  00  46
2.95054  00  00
2.95081  00  00
2.95108  00  00
2.95135  e8  00
2.95167  00  22
2.95194  00  16
2.95222  00  00
2.95249  00  00
2.95276  00  00
2.95305  00  00
2.95331  f8  00
2.95360  fc  b3
2.95390  fa  be
2.95419  fe  ba
2.95449  00  c5
2.95486  90  00
2.95515  00  00
2.95542  00  10
2.95570  0a  00
2.95597  00  aa
2.95624  b0  00
2.95653  00  16
2.95680  00  16
2.95707  a0  50
2.95735  00  00
2.95762  e4  c8
2.95794  00  9c
2.95821  b2  6a
2.95851  00  5a
2.95878  00  02
2.95905  00  46

2.99312  f0  00
2.99341  b0  11
2.99369  00  16
2.99396  00  16
2.99423  00  50
2.99453  c0  00
2.99482  00  00
2.99508  00  00

3.04599  e0  00
3.04630  00  c2
3.04657  ea  51
3.04690  00  9c
3.04717  00  46
3.04744  00  00
3.04771  00  00
3.04798  00  00
3.04826  e8  00
3.04858  00  22
3.04885  00  16
3.04912  00  00
3.04939  00  00
3.04966  00  00
3.04993  00  00
3.05019  f8  00
3.05048  fc  b3
3.05078  fa  be
3.05108  fe  ba
3.05138  00  c5
3.05175  90  00
3.05203  00  00
3.05231  00  10
3.05258  0a  00
3.05285  00  aa
3.05312  b0  00
3.05341  00  16
3.05368  00  16
3.05395  a0  50
3.05424  00  00
3.05451  e4  c8
3.05481  00  9c
3.05508  b2  6a
3.05538  00  5a
3.05564  00  02
3.05591  00  46

3.09288  f0  00
3.09316  b0  11
3.09345  00  16
3.09372  00  16
3.09399  00  50
3.09429  c0  00
3.09458  00  00
3.09484  00  00

3.14762  e0  00
3.14793  00  c2
3.14820  ea  51
3.14853  00  9c
3.14880  00  46
3.14907  00  00
3.14934  00  00
3.14961  00  00
3.14989  e8  00
3.15021  00  22
3.15048  00  16
3.15075  00  00
3.15102  00  00
3.15129  00  00
3.15157  00  00
3.15183  f8  00
3.15212  fc  b3
3.15241  fa  be
3.15271  fe  ba
3.15301  00  c5
3.15338  90  00
3.15366  00  00
3.15394  00  10
3.15421  0a  00
3.15448  00  aa
3.15475  b0  00
3.15504  00  16
3.15531  00  16
3.15558  a0  50
3.15587  00  00
3.15614  e4  c8
3.15645  00  9c
3.15672  b2  6a
3.15702  00  5a
3.15728  00  02
3.15755  00  46

3.19264  f0  00
3.19292  b0  11
3.19321  00  16
3.19348  00  16
3.19375  00  50
3.19405  c0  00
3.19434  00  00
3.19460  00  00

3.24736  e0  00
3.24768  00  c2
3.24795  ea  51
3.24827  00  9c
3.24854  00  46
3.24881  00  00
3.24908  00  00
3.24935  00  00
3.24963  e8  00
3.24995  00  22
3.25022  00  16
3.25049  00  00
3.25076  00  00
3.25103  00  00
3.25132  00  00
3.25159  f8  00
3.25187  fc  b3
3.25217  fa  be
3.25246  fe  ba
3.25276  00  c5
3.25313  90  00
3.25342  00  00
3.25370  00  10
3.25397  0a  00
3.25424  00  aa
3.25451  b0  00
3.25481  00  16
3.25507  00  16
3.25534  a0  50
3.25563  00  00
3.25590  e4  c8
3.25621  00  9c
3.25648  b2  6a
3.25677  00  5a
3.25704  00  02
3.25731  00  46

3.29239  f0  00
3.29268  b0  11
3.29297  00  16
3.29324  00  16
3.29351  00  50
3.29381  c0  00
3.29409  00  00
3.29436  00  00

3.34812  e0  00
3.34843  00  c2
3.34870  ea  51
3.34902  00  9c
3.34930  00  46
3.34956  00  00
3.34984  00  00
3.35011  00  00
3.35038  e8  00
3.35070  00  22
3.35097  00  16
3.35125  00  00
3.35152  00  00
3.35179  00  00
3.35208  00  00
3.35235  f8  00
3.35264  fc  b3
3.35293  fa  be
3.35323  fe  ba
3.35353  00  c5
3.35390  90  00
3.35418  00  00
3.35446  00  10
3.35473  0a  00
3.35500  00  aa
3.35527  b0  00
3.35556  00  16
3.35582  00  16
3.35610  a0  50
3.35638  00  00
3.35664  e4  c8
3.35695  00  9c
3.35722  b2  6a
3.35752  00  5a
3.35779  00  02
3.35806  00  46

3.39216  f0  00
3.39244  b0  11
3.39273  00  16
3.39300  00  16
3.39327  00  50
3.39357  c0  00
3.39385  00  00
3.39412  00  00

3.44602  e0  00
3.44633  00  c2
3.44660  ea  51
3.44692  00  9c
3.44719  00  46
3.44746  00  00
3.44773  00  00
3.44799  00  00
3.44827  e8  00
3.44859  00  22
3.44886  00  16
3.44913  00  00
3.44940  00  00
3.44967  00  00
3.44994  00  00
3.45021  f8  00
3.45049  fc  b3
3.45079  fa  be
3.45109  fe  ba
3.45139  00  c5
3.45176  90  00
3.45204  00  00
3.45232  00  90

3.45489  0a  00
3.45516  00  aa
3.45543  b0  00
3.45572  00  16
3.45599  00  16
3.45626  a0  50
3.45655  00  00
3.45683  e4  c8
3.45714  00  9c
3.45741  b2  6a
3.45771  00  5a
3.45798  00  02
3.45825  00  46
3.45862  0e  00
3.45889  0f  0e

3.49108  90  0f
3.49136  00  00
3.49163  00  90
3.49193  0a  00
3.49220  00  aa
3.49247  b0  00
3.49276  00  16
3.49302  00  16
3.49330  a0  50
3.49358  00  00
3.49385  e4  c8
3.49417  00  9c
3.49444  b2  6a
3.49474  00  5a
3.49501  00  02
3.49528  00  46

3.54100  90  00
3.54128  00  00
3.54156  00  90
3.54185  0a  00
3.54213  00  aa
3.54239  b0  00
3.54268  00  16
3.54294  00  16
3.54321  a0  50
3.54350  00  00
3.54377  e4  c8
3.54409  00  9c
3.54435  b2  6a
3.54465  00  5a
3.54492  00  02
3.54519  00  46

3.59088  90  00
3.59116  00  00
3.59144  00  90
3.59174  0a  00
3.59200  00  aa
3.59227  b0  00
3.59256  00  16
3.59282  00  16
3.59309  a0  50
3.59338  00  00
3.59365  e4  c8
3.59396  00  9c
3.59423  b2  6a
3.59453  00  5a
3.59480  00  02
3.59507  00  46

3.64076  90  00
3.64104  00  00
3.64132  00  90
3.64161  0a  00
3.64188  00  aa
3.64214  b0  00
3.64243  00  16
3.64269  00  16
3.64296  a0  50
3.64325  00  00
3.64353  e4  c8
3.64384  00  9c
3.64411  b2  6a
3.64441  00  5a
3.64468  00  02
3.64495  00  46

3.69064  90  00
3.69092  00  00
3.69119  00  90
3.69149  0a  00
3.69176  00  aa
3.69202  b0  00
3.69232  00  16
3.69258  00  16
3.69285  a0  50
3.69314  00  00
3.69340  e4  c8
3.69372  00  9c
3.69399  b2  6a
3.69428  00  5a
3.69455  00  02
3.69482  00  46

3.74051  90  00
3.74080  00  00
3.74107  00  90
3.74137  0a  00
3.74164  00  aa
3.74190  b0  00
3.74219  00  16
3.74246  00  16
3.74273  a0  50
3.74302  00  00
3.74329  e4  c8
3.74361  00  9c
3.74388  b2  6a
3.74418  00  5a
3.74445  00  02
3.74472  00  46

3.79039  90  00
3.79068  00  00
3.79095  00  90
3.79125  0a  00
3.79152  00  aa
3.79178  b0  00
3.79207  00  16
3.79233  00  16
3.79260  a0  50
3.79289  00  00
3.79316  e4  c8
3.79348  00  9c
3.79375  b2  6a
3.79404  00  5a
3.79431  00  02
3.79458  00  46

3.84027  90  00
3.84056  00  00
3.84084  00  90
3.84113  0a  00
3.84140  00  aa
3.84167  b0  00
3.84195  00  16
3.84222  00  16
3.84249  a0  50
3.84278  00  00
3.84304  e4  c8
3.84336  00  9c
3.84363  b2  6a
3.84393  00  5a
3.84420  00  02
3.84447  00  46

3.89015  90  00
3.89044  00  00
3.89072  00  90
3.89101  0a  00
3.89128  00  aa
3.89155  b0  00
3.89183  00  16
3.89210  00  16
3.89237  a0  50
3.89266  00  00
3.89293  e4  c8
3.89324  00  9c
3.89351  b2  6a
3.89382  00  5a
3.89408  00  02
3.89436  00  46

3.94003  90  00
3.94032  00  00
3.94060  00  90
3.94089  0a  00
3.94116  00  aa
3.94142  b0  00
3.94171  00  16
3.94198  00  16
3.94225  a0  50
3.94254  00  00
3.94281  e4  c8
3.94312  00  9c
3.94339  b2  6a
3.94369  00  5a
3.94396  00  02
3.94423  00  46

3.98991  90  00
3.99019  00  00
3.99047  00  90
3.99077  0a  00
3.99103  00  aa
3.99130  b0  00
3.99159  00  16
3.99185  00  16
3.99213  a0  50
3.99241  00  00
3.99268  e4  c8
3.99299  00  9c
3.99326  b2  6a
3.99356  00  5a
3.99382  00  02
3.99409  00  46

4.03979  90  00
4.04007  00  00
4.04035  00  90
4.04064  0a  00
4.04091  00  aa
4.04117  b0  00
4.04147  00  16
4.04174  00  16
4.04201  a0  50
4.04230  00  00
4.04257  e4  c8
4.04288  00  9c
4.04315  b2  6a
4.04345  00  5a
4.04371  00  02
4.04398  00  46

4.08967  90  00
4.08995  00  00
4.09023  00  90
4.09052  0a  00
4.09079  00  aa
4.09106  b0  00
4.09135  00  16
4.09162  00  16
4.09189  a0  50
4.09218  00  00
4.09245  e4  c8
4.09276  00  9c
4.09303  b2  6a
4.09333  00  5a
4.09360  00  02
4.09387  00  46

4.13955  90  00
4.13984  00  00
4.14011  00  90
4.14041  0a  00
4.14068  00  aa
4.14094  b0  00
4.14123  00  16
4.14149  00  16
4.14176  a0  50
4.14205  00  00
4.14232  e4  c8
4.14263  00  9c
4.14290  b2  6a
4.14319  00  5a
4.14346  00  02
4.14373  00  46

4.18943  90  00
4.18971  00  00
4.18999  00  90
4.19028  0a  00
4.19055  00  aa
4.19081  b0  00
4.19111  00  16
4.19138  00  16
4.19164  a0  50
4.19193  00  00
4.19220  e4  c8
4.19251  00  9c
4.19278  b2  6a
4.19308  00  5a
4.19335  00  02
4.19362  00  46

4.23931  90  00
4.23959  00  00
4.23987  00  90
4.24016  0a  00
4.24044  00  aa
4.24070  b0  00
4.24099  00  16
4.24125  00  16
4.24152  a0  50
4.24181  00  00
4.24208  e4  c8
4.24240  00  9c
4.24266  b2  6a
4.24296  00  5a
4.24323  00  02
4.24350  00  46

4.28919  90  00
4.28947  00  00
4.28975  00  90
4.29005  0a  00
4.29031  00  aa
4.29058  b0  00
4.29087  00  16
4.29114  00  16
4.29141  a0  50
4.29170  00  00
4.29196  e4  c8
4.29228  00  9c
4.29255  b2  6a
4.29285  00  5a
4.29312  00  02
4.29339  00  46

4.33907  90  00
4.33935  00  00
4.33962  00  90
4.33992  0a  00
4.34019  00  aa
4.34045  b0  00
4.34074  00  16
4.34101  00  16
4.34128  a0  50
4.34157  00  00
4.34184  e4  c8
4.34215  00  9c
4.34242  b2  6a
4.34272  00  5a
4.34299  00  02
4.34326  00  46

4.38895  90  00
4.38923  00  00
4.38951  00  90
4.38981  0a  00
4.39008  00  aa
4.39034  b0  00
4.39064  00  16
4.39091  00  16
4.39118  a0  50
4.39146  00  00
4.39173  e4  c8
4.39205  00  9c
4.39232  b2  6a
4.39262  00  5a
4.39289  00  02
4.39316  00  46

4.43882  90  00
4.43911  00  00
4.43939  00  10

4.44209  0a  00
4.44236  00  aa
4.44264  b0  00
4.44293  00  16
4.44319  00  16
4.44346  a0  50
4.44374  00  00
4.44401  e4  c8
4.44433  00  9c
4.44459  b2  6a
4.44489  00  5a
4.44515  00  02
4.44543  00  46
4.44580  07  00
4.44611  0f  07

4.48950  f0  0f
4.48978  b0  11
4.49007  00  16
4.49033  00  16
4.49060  00  50
4.49090  c0  00
4.49119  00  00
4.49145  00  00

4.54336  e0  00
4.54367  00  c2
4.54394  ea  51
4.54426  00  9c
4.54453  00  46
4.54480  00  00
4.54507  00  00
4.54534  00  00
4.54561  e8  00
4.54593  00  22
4.54620  00  16
4.54647  00  00
4.54674  00  00
4.54701  00  00
4.54729  00  00
4.54756  f8  00
4.54784  fc  b3
4.54814  fa  be
4.54844  fe  ba
4.54874  00  c5
4.54911  90  00
4.54939  00  00
4.54967  00  10
4.54995  0a  00
4.55021  00  aa
4.55048  b0  00
4.55077  00  16
4.55104  00  16
4.55131  a0  50
4.55159  00  00
4.55186  e4  c8
4.55217  00  9c
4.55244  b2  6a
4.55274  00  5a
4.55301  00  02
4.55328  00  46

4.58925  f0  00
4.58954  b0  11
4.58983  00  16
4.59009  00  16
4.59036  00  50
4.59066  c0  00
4.59095  00  00
4.59121  00  00

4.64398  e0  00
4.64429  00  c2
4.64456  ea  51
4.64488  00  9c
4.64515  00  46
4.64542  00  00
4.64569  00  00
4.64596  00  00
4.64623  e8  00
4.64655  00  22
4.64682  00  16
4.64710  00  00
4.64737  00  00
4.64764  00  00
4.64791  00  00
4.64820  f8  00
4.64849  fc  b3
4.64878  fa  be
4.64908  fe  ba
4.64938  00  c5
4.64975  90  00
4.65004  00  00
4.65032  00  10
4.65059  0a  00
4.65086  00  aa
4.65113  b0  00
4.65143  00  16
4.65169  00  16
4.65196  a0  50
4.65225  00  00
4.65252  e4  c8
4.65284  00  9c
4.65310  b2  6a
4.65340  00  5a
4.65366  00  02
4.65393  00  46

4.68901  f0  00
4.68930  b0  11
4.68959  00  16
4.68985  00  16
4.69012  00  50
4.69042  c0  00
4.69071  00  00
4.69097  00  00

4.74474  e0  00
4.74504  00  c2
4.74531  ea  51
4.74564  00  9c
4.74591  00  46
4.74618  00  00
4.74645  00  00
4.74672  00  00
4.74700  e8  00
4.74732  00  22
4.74759  00  16
4.74786  00  00
4.74813  00  00
4.74840  00  00
4.74870  00  00
4.74896  f8  00
4.74925  fc  b3
4.74955  fa  be
4.74984  fe  ba
4.75014  00  c5
4.75051  90  00
4.75079  00  00
4.75107  00  10
4.75135  0a  00
4.75161  00  aa
4.75189  b0  00
4.75217  00  16
4.75244  00  16
4.75271  a0  50
4.75300  00  00
4.75327  e4  c8
4.75358  00  9c
4.75385  b2  6a
4.75415  00  5a
4.75442  00  02
4.75469  00  46

4.78877  f0  00
4.78906  b0  11
4.78935  00  16
4.78961  00  16
4.78988  00  50
4.79018  c0  00
4.79047  00  00
4.79073  00  00

4.84350  e0  00
4.84380  00  c2
4.84407  ea  51
4.84440  00  9c
4.84467  00  46
4.84494  00  00
4.84521  00  00
4.84548  00  00
4.84575  e8  00
4.84608  00  22
4.84635  00  16
4.84662  00  00
4.84689  00  00
4.84716  00  00
4.84743  00  00
4.84772  f8  00
4.84801  fc  b3
4.84831  fa  be
4.84860  fe  ba
4.84890  00  c5
4.84927  90  00
4.84955  00  00
4.84983  00  10
4.85010  0a  00
4.85037  00  aa
4.85065  b0  00
4.85093  00  16
4.85120  00  16
4.85147  a0  50
4.85176  00  00
4.85203  e4  c8
4.85234  00  9c
4.85261  b2  6a
4.85291  00  5a
4.85318  00  02
4.85345  00  46

4.88853  f0  00
4.88882  b0  11
4.88910  00  16
4.88937  00  16
4.88964  00  50
4.88994  c0  00
4.89022  00  00
4.89049  00  00

4.94326  e0  00
4.94356  00  c2
4.94383  ea  51
4.94416  00  9c
4.94443  00  46
4.94470  00  00
4.94497  00  00
4.94524  00  00
4.94552  e8  00
4.94584  00  22
4.94611  00  16
4.94638  00  00
4.94665  00  00
4.94692  00  00
4.94722  00  00
4.94748  f8  00
4.94777  fc  b3
4.94807  fa  be
4.94836  fe  ba
4.94866  00  c5
4.94903  90  00
4.94932  00  00
4.94959  00  10
4.94987  0a  00
4.95014  00  aa
4.95042  b0  00
4.95071  00  16
4.95098  00  16
4.95125  a0  50
4.95153  00  00
4.95180  e4  c8
4.95212  00  9c
4.95239  b2  6a
4.95269  00  5a
4.95296  00  02
4.95323  00  46

4.98829  f0  00
4.98857  b0  11
4.98886  00  16
4.98912  00  16
4.98939  00  50
4.98969  c0  00
4.98998  00  00
4.99024  00  00

5.04401  e0  00
5.04432  00  c2
5.04459  ea  51
5.04491  00  9c
5.04518  00  46
5.04545  00  00
5.04572  00  00
5.04599  00  00
5.04626  e8  00
5.04658  00  22
5.04685  00  16
5.04713  00  00
5.04740  00  00
5.04767  00  00
5.04794  00  00
5.04823  f8  00
5.04852  fc  b3
5.04881  fa  be
5.04911  fe  ba
5.04941  00  c5
5.04978  90  00
5.05007  00  00
5.05034  00  10
5.05062  0a  00
5.05089  00  aa
5.05116  b0  00
5.05145  00  16
5.05172  00  16
5.05199  a0  50
5.05228  00  00
5.05255  e4  c8
5.05286  00  9c
5.05313  b2  6a
5.05343  00  5a
5.05370  00  02
5.05397  00  46

5.08804  f0  00
5.08833  b0  11
5.08862  00  16
5.08888  00  16
5.08915  00  50
5.08945  c0  00
5.08974  00  00
5.09000  00  00

5.14377  e0  00
5.14408  00  c2
5.14435  ea  51
5.14467  00  9c
5.14494  00  46
5.14521  00  00
5.14547  00  00
5.14574  00  00
5.14602  e8  00
5.14634  00  22
5.14661  00  16
5.14688  00  00
5.14715  00  00
5.14742  00  00
5.14770  00  00
5.14798  f8  00
5.14827  fc  b3
5.14857  fa  be
5.14886  fe  ba
5.14916  00  c5
5.14953  90  00
5.14983  00  00
5.15010  00  10
5.15038  0a  00
5.15064  00  aa
5.15092  b0  00
5.15121  00  16
5.15147  00  16
5.15174  a0  50
5.15203  00  00
5.15230  e4  c8
5.15261  00  9c
5.15288  b2  6a
5.15318  00  5a
5.15344  00  02
5.15372  00  46

5.18780  f0  00
5.18808  b0  11
5.18837  00  16
5.18864  00  16
5.18891  00  50
5.18921  c0  00
5.18949  00  00
5.18976  00  00

5.24353  e0  00
5.24384  00  c2
5.24411  ea  51
5.24443  00  9c
5.24471  00  46
5.24498  00  00
5.24525  00  00
5.24552  00  00
5.24579  e8  00
5.24611  00  22
5.24638  00  16
5.24666  00  00
5.24693  00  00
5.24720  00  00
5.24749  00  00
5.24776  f8  00
5.24805  fc  b3
5.24834  fa  be
5.24864  fe  ba
5.24894  00  c5
5.24931  90  00
5.24959  00  00
5.24987  00  10
5.25014  0a  00
5.25041  00  aa
5.25069  b0  00
5.25097  00  16
5.25124  00  16
5.25151  a0  50
5.25180  00  00
5.25207  e4  c8
5.25238  00  9c
5.25265  b2  6a
5.25295  00  5a
5.25322  00  02
5.25349  00  46

5.28756  f0  00
5.28785  b0  11
5.28814  00  16
5.28840  00  16
5.28867  00  50
5.28897  c0  00
5.28926  00  00
5.28952  00  00

5.34229  e0  00
5.34260  00  c2
5.34287  ea  51
5.34319  00  9c
5.34346  00  46
5.34373  00  00
5.34400  00  00
5.34427  00  00
5.34455  e8  00
5.34487  00  22
5.34514  00  16
5.34541  00  00
5.34568  00  00
5.34595  00  00
5.34623  00  00
5.34652  f8  00
5.34680  fc  b3
5.34710  fa  be
5.34739  fe  ba
5.34769  00  c5
5.34806  90  00
5.34835  00  00
5.34863  00  10
5.34890  0a  00
5.34917  00  aa
5.34944  b0  00
5.34973  00  16
5.35000  00  16
5.35027  a0  50
5.35056  00  00
5.35082  e4  c8
5.35113  00  9c
5.35140  b2  6a
5.35170  00  5a
5.35197  00  02
5.35224  00  46

5.38733  f0  00
5.38762  b0  11
5.38791  00  16
5.38817  00  16
5.38844  00  50
5.38874  c0  00
5.38903  00  00
5.38929  00  00

5.44305  e0  00
5.44335  00  c2
5.44362  ea  51
5.44395  00  9c
5.44422  00  46
5.44449  00  00
5.44476  00  00
5.44503  00  00
5.44531  e8  00
5.44563  00  22
5.44590  00  16
5.44617  00  00
5.44644  00  00
5.44671  00  00
5.44701  00  00
5.44728  f8  00
5.44756  fc  b3
5.44786  fa  be
5.44815  fe  ba
5.44845  00  c5
5.44882  90  00
5.44910  00  00
5.44938  00  10
5.44966  0a  00
5.44992  00  aa
5.45020  b0  00
5.45048  00  16
5.45075  00  16
5.45102  a0  50
5.45131  00  00
5.45157  e4  c8
5.45188  00  9c
5.45215  b2  6a
5.45245  00  5a
5.45272  00  02
5.45299  00  46

5.48708  f0  00
5.48736  b0  11
5.48765  00  16
5.48792  00  16
5.48819  00  50
5.48848  c0  00
5.48877  00  00
5.48904  00  00

5.54181  e0  00
5.54212  00  c2
5.54239  ea  51
5.54271  00  9c
5.54299  00  46
5.54326  00  00
5.54353  00  00
5.54380  00  00
5.54407  e8  00
5.54439  00  22
5.54466  00  16
5.54494  00  00
5.54521  00  00
5.54548  00  00
5.54577  00  00
5.54603  f8  00
5.54632  fc  b3
5.54661  fa  be
5.54691  fe  ba
5.54721  00  c5
5.54758  90  00
5.54786  00  00
5.54814  00  10
5.54842  0a  00
5.54868  00  aa
5.54896  b0  00
5.54924  00  16
5.54951  00  16
5.54978  a0  50
5.55007  00  00
5.55034  e4  c8
5.55066  00  9c
5.55093  b2  6a
5.55123  00  5a
5.55150  00  02
5.55177  00  46

5.58684  f0  00
5.58712  b0  11
5.58741  00  16
5.58767  00  16
5.58794  00  50
5.58824  c0  00
5.58853  00  00
5.58880  00  00

5.64257  e0  00
5.64287  00  c2
5.64314  ea  51
5.64347  00  9c
5.64374  00  46
5.64401  00  00
5.64428  00  00
5.64454  00  00
5.64482  e8  00
5.64514  00  22
5.64541  00  16
5.64569  00  00
5.64596  00  00
5.64622  00  00
5.64650  00  00
5.64679  f8  00
5.64708  fc  b3
5.64737  fa  be
5.64767  fe  ba
5.64797  00  c5
5.64834  90  00
5.64862  00  00
5.64890  00  10
5.64917  0a  00
5.64944  00  aa
5.64971  b0  00
5.65001  00  16
5.65027  00  16
5.65054  a0  50
5.65083  00  00
5.65110  e4  c8
5.65141  00  9c
5.65168  b2  6a
5.65198  00  5a
5.65224  00  02
5.65251  00  46

5.68660  f0  00
5.68689  b0  11
5.68718  00  16
5.68744  00  16
5.68771  00  50
5.68801  c0  00
5.68830  00  00
5.68856  00  00

5.74232  e0  00
5.74264  00  c2
5.74290  ea  51
5.74322  00  9c
5.74349  00  46
5.74376  00  00
5.74403  00  00
5.74430  00  00
5.74458  e8  00
5.74490  00  22
5.74517  00  16
5.74545  00  00
5.74572  00  00
5.74599  00  00
5.74628  00  00
5.74655  f8  00
5.74684  fc  b3
5.74713  fa  be
5.74743  fe  ba
5.74773  00  c5
5.74810  90  00
5.74838  00  00
5.74866  00  90

5.75123  0a  00
5.75158  00  aa
5.75185  b0  00
5.75213  00  16
5.75240  00  16
5.75267  a0  50
5.75296  00  00
5.75323  e4  c8
5.75354  00  9c
5.75381  b2  6a
5.75411  00  5a
5.75438  00  02
5.75465  00  46
5.75505  0e  00
5.75532  0f  0e

5.78552  90  0f
5.78581  00  00
5.78609  00  90
5.78638  0a  00
5.78665  00  aa
5.78691  b0  00
5.78721  00  16
5.78747  00  16
5.78774  a0  50
5.78803  00  00
5.78830  e4  c8
5.78861  00  9c
5.78888  b2  6a
5.78918  00  5a
5.78945  00  02
5.78972  00  46

5.83544  90  00
5.83573  00  00
5.83601  00  90
5.83631  0a  00
5.83657  00  aa
5.83684  b0  00
5.83713  00  16
5.83740  00  16
5.83767  a0  50
5.83796  00  00
5.83823  e4  c8
5.83854  00  9c
5.83881  b2  6a
5.83911  00  5a
5.83938  00  02
5.83965  00  46

5.88532  90  00
5.88561  00  00
5.88589  00  90
5.88618  0a  00
5.88645  00  aa
5.88672  b0  00
5.88700  00  16
5.88727  00  16
5.88754  a0  50
5.88783  00  00
5.88810  e4  c8
5.88841  00  9c
5.88868  b2  6a
5.88897  00  5a
5.88924  00  02
5.88951  00  46

5.93520  90  00
5.93549  00  00
5.93577  00  90
5.93606  0a  00
5.93633  00  aa
5.93660  b0  00
5.93688  00  16
5.93715  00  16
5.93742  a0  50
5.93771  00  00
5.93798  e4  c8
5.93829  00  9c
5.93856  b2  6a
5.93885  00  5a
5.93912  00  02
5.93939  00  46

5.98508  90  00
5.98537  00  00
5.98565  00  90
5.98594  0a  00
5.98621  00  aa
5.98647  b0  00
5.98677  00  16
5.98704  00  16
5.98731  a0  50
5.98760  00  00
5.98787  e4  c8
5.98818  00  9c
5.98845  b2  6a
5.98875  00  5a
5.98902  00  02
5.98929  00  46

6.03496  90  00
6.03524  00  00
6.03552  00  90
6.03582  0a  00
6.03608  00  aa
6.03635  b0  00
6.03664  00  16
6.03691  00  16
6.03718  a0  50
6.03746  00  00
6.03773  e4  c8
6.03805  00  9c
6.03831  b2  6a
6.03861  00  5a
6.03887  00  02
6.03914  00  46

6.08484  90  00
6.08513  00  00
6.08541  00  90
6.08570  0a  00
6.08598  00  aa
6.08624  b0  00
6.08653  00  16
6.08680  00  16
6.08707  a0  50
6.08736  00  00
6.08762  e4  c8
6.08794  00  9c
6.08821  b2  6a
6.08851  00  5a
6.08878  00  02
6.08905  00  46

6.13472  90  00
6.13500  00  00
6.13528  00  90
6.13558  0a  00
6.13584  00  aa
6.13611  b0  00
6.13640  00  16
6.13666  00  16
6.13693  a0  50
6.13722  00  00
6.13748  e4  c8
6.13780  00  9c
6.13807  b2  6a
6.13836  00  5a
6.13863  00  02
6.13890  00  46

6.18460  90  00
6.18489  00  00
6.18516  00  90
6.18546  0a  00
6.18573  00  aa
6.18599  b0  00
6.18628  00  16
6.18654  00  16
6.18681  a0  50
6.18710  00  00
6.18738  e4  c8
6.18769  00  9c
6.18795  b2  6a
6.18825  00  5a
6.18852  00  02
6.18879  00  46

6.23448  90  00
6.23477  00  00
6.23504  00  90
6.23534  0a  00
6.23561  00  aa
6.23587  b0  00
6.23616  00  16
6.23642  00  16
6.23669  a0  50
6.23698  00  00
6.23725  e4  c8
6.23756  00  9c
6.23783  b2  6a
6.23814  00  5a
6.23841  00  02
